order_id,item_id,order_type,site
1,210,real,F20
1,710,real,F20
1,110,real,F20
2,600,real,F19
2,350,real,F19
2,940,real,F19
3,370,real,F20
3,130,real,F20
3,530,real,F20
4,390,real,F20
4,1080,real,F20
4,1000,real,F20
5,470,real,F14
5,550,real,F14
5,280,real,F14
5,170,real,F14
5,750,real,F14
6,370,real,F16
6,860,real,F16
6,400,real,F16
6,900,real,F16
6,850,real,F16
7,590,real,F10
7,180,real,F10
8,940,real,F20
8,800,real,F20
9,470,real,F20
9,830,real,F20
9,410,real,F20
9,310,real,F20
10,540,real,F20
10,1020,real,F20
10,140,real,F20
10,570,real,F20
11,870,real,F20
11,180,real,F20
11,790,real,F20
12,360,real,F20
12,190,real,F20
12,380,real,F20
12,840,real,F20
13,410,real,F12
13,670,real,F12
14,200,real,F20
14,540,real,F20
15,220,real,F20
15,380,real,F20
15,700,real,F20
15,780,real,F20
16,340,real,F20
16,850,real,F20
17,1050,real,F20
17,640,real,F20
18,260,real,F4
19,100,real,F16
19,860,real,F16
19,590,real,F16
19,760,real,F16
20,710,real,F20
20,720,real,F20
20,660,real,F20
20,870,real,F20
21,620,real,F13
21,690,real,F13
21,200,real,F13
21,500,real,F13
22,480,real,F20
22,880,real,F20
23,310,real,F5
24,270,real,F4
25,900,real,F20
25,520,real,F20
25,1030,real,F20
25,440,real,F20
25,610,real,F20
26,560,real,F20
26,410,real,F20
26,950,real,F20
27,430,real,F20
27,970,real,F20
27,1050,real,F20
28,740,real,F20
28,1050,real,F20
29,780,real,F20
30,980,real,F20
30,760,real,F20
30,110,real,F20
30,280,real,F20
30,720,real,F20
31,780,real,F14
32,450,real,F10
32,190,real,F10
32,520,real,F10
33,320,real,F9
33,150,real,F9
33,300,real,F9
33,480,real,F9
34,1000,real,F19
34,1010,real,F19
34,400,real,F19
34,450,real,F19
34,240,real,F19
35,710,real,F20
35,960,real,F20
36,700,real,F15
36,820,real,F15
36,510,real,F15
36,730,real,F15
36,670,real,F15
37,260,real,F11
37,180,real,F11
37,200,real,F11
37,320,real,F11
38,260,real,F20
38,980,real,F20
38,250,real,F20
39,640,real,F20
39,730,real,F20
39,470,real,F20
40,960,real,F20
40,830,real,F20
41,1010,real,F20
41,710,real,F20
41,780,real,F20
42,1030,real,F20
42,350,real,F20
42,870,real,F20
42,550,real,F20
43,580,real,F20
43,530,real,F20
43,1090,real,F20
44,770,real,F20
44,730,real,F20
44,1080,real,F20
44,710,real,F20
44,370,real,F20
45,1010,real,F20
45,280,real,F20
45,290,real,F20
45,120,real,F20
46,620,real,F20
46,580,real,F20
46,890,real,F20
46,730,real,F20
47,910,real,F20
48,340,real,F2
48,550,real,F2
48,280,real,F2
48,430,real,F2
48,480,real,F2
49,200,real,F20
49,940,real,F20
50,1030,real,F20
51,740,real,F20
51,830,real,F20
51,270,real,F20
51,490,real,F20
52,900,real,F20
53,250,real,F15
53,700,real,F15
53,130,real,F15
54,490,real,F20
54,400,real,F20
54,700,real,F20
54,140,real,F20
54,570,real,F20
55,880,real,F20
56,840,real,F20
56,170,real,F20
57,570,real,F20
57,990,real,F20
58,1040,real,F20
58,280,real,F20
58,470,real,F20
58,920,real,F20
58,350,real,F20
59,260,real,F20
59,410,real,F20
59,850,real,F20
59,830,real,F20
60,850,real,F20
60,960,real,F20
60,460,real,F20
61,430,real,F20
61,960,real,F20
61,1080,real,F20
61,380,real,F20
62,1060,real,F20
62,600,real,F20
62,830,real,F20
63,730,real,F20
63,720,real,F20
63,950,real,F20
63,930,real,F20
64,910,real,F20
64,570,real,F20
64,150,real,F20
64,480,real,F20
64,130,real,F20
65,360,real,F20
65,700,real,F20
65,660,real,F20
65,570,real,F20
66,610,real,F11
66,340,real,F11
67,930,real,F20
68,300,real,F20
68,890,real,F20
68,500,real,F20
68,660,real,F20
69,610,real,F20
69,1030,real,F20
69,340,real,F20
69,1080,real,F20
69,920,real,F20
70,300,real,F12
70,500,real,F12
70,630,real,F12
70,170,real,F12
71,510,real,F20
71,890,real,F20
71,540,real,F20
72,190,real,F20
72,730,real,F20
73,450,real,F18
73,510,real,F18
73,1070,real,F18
73,190,real,F18
74,150,real,F7
75,950,real,F20
75,1000,real,F20
75,980,real,F20
76,300,real,F20
76,880,real,F20
76,290,real,F20
76,1070,real,F20
76,520,real,F20
77,860,real,F16
78,380,real,F9
79,330,real,F13
79,590,real,F13
80,300,real,F5
81,930,real,F20
82,120,real,F17
82,520,real,F17
82,110,real,F17
82,470,real,F17
82,650,real,F17
83,740,real,F20
83,750,real,F20
83,130,real,F20
84,1090,real,F20
84,500,real,F20
84,800,real,F20
84,300,real,F20
84,1000,real,F20
85,130,real,F17
85,610,real,F17
85,820,real,F17
85,950,real,F17
86,1040,real,F20
87,770,real,F20
87,650,real,F20
88,620,real,F12
88,200,real,F12
88,450,real,F12
89,440,real,F8
89,250,real,F8
89,340,real,F8
90,950,real,F20
91,600,real,F20
91,670,real,F20
91,780,real,F20
92,420,real,F9
92,100,real,F9
93,190,real,F17
93,710,real,F17
93,130,real,F17
93,800,real,F17
93,1000,real,F17
94,790,real,F20
94,870,real,F20
94,770,real,F20
94,660,real,F20
95,270,real,F5
96,810,real,F20
97,810,real,F20
97,630,real,F20
97,480,real,F20
97,1060,real,F20
97,410,real,F20
98,730,real,F20
98,1090,real,F20
98,300,real,F20
99,160,real,F20
99,730,real,F20
100,650,real,F20
100,860,real,F20
100,240,real,F20
100,450,real,F20
100,1050,real,F20
101,1070,real,F20
101,990,real,F20
101,190,real,F20
101,1060,real,F20
102,940,real,F20
102,270,real,F20
102,1010,real,F20
103,390,real,F11
103,550,real,F11
104,870,real,F20
104,790,real,F20
104,680,real,F20
104,810,real,F20
104,230,real,F20
105,410,real,F20
105,1090,real,F20
105,660,real,F20
105,290,real,F20
106,160,real,F8
106,410,real,F8
106,150,real,F8
106,130,real,F8
106,220,real,F8
107,640,real,F15
107,270,real,F15
108,670,real,F12
108,120,real,F12
109,540,real,F10
110,140,real,F5
110,130,real,F5
111,560,real,F20
111,970,real,F20
111,1010,real,F20
112,1040,real,F20
113,950,real,F20
113,500,real,F20
114,580,real,F10
115,830,real,F15
116,1070,real,F20
116,350,real,F20
116,500,real,F20
116,460,real,F20
117,170,real,F11
117,620,real,F11
117,380,real,F11
117,330,real,F11
118,510,real,F20
119,290,real,F20
119,400,real,F20
119,850,real,F20
119,380,real,F20
119,840,real,F20
120,330,real,F20
120,1030,real,F20
121,1070,real,F20
122,480,real,F20
122,830,real,F20
123,700,real,F20
123,100,real,F20
123,800,real,F20
123,850,real,F20
124,460,real,F20
125,430,real,F8
125,270,real,F8
126,500,real,F14
126,190,real,F14
126,630,real,F14
126,790,real,F14
127,320,real,F20
127,790,real,F20
127,100,real,F20
128,610,real,F19
128,140,real,F19
128,850,real,F19
129,960,real,F20
130,870,real,F18
130,220,real,F18
130,380,real,F18
130,540,real,F18
131,380,real,F20
131,450,real,F20
131,200,real,F20
131,290,real,F20
131,640,real,F20
132,490,real,F20
132,360,real,F20
132,770,real,F20
133,670,real,F20
133,560,real,F20
133,900,real,F20
133,550,real,F20
134,820,real,F20
135,890,real,F20
135,740,real,F20
135,250,real,F20
135,500,real,F20
136,1010,real,F18
136,820,real,F18
136,230,real,F18
136,500,real,F18
137,1080,real,F20
137,810,real,F20
138,450,real,F11
139,670,real,F15
140,720,real,F20
141,310,real,F17
141,280,real,F17
141,810,real,F17
141,560,real,F17
142,170,real,F3
143,710,real,F17
143,790,real,F17
143,160,real,F17
143,1000,real,F17
144,130,real,F20
144,1080,real,F20
145,450,real,F20
145,920,real,F20
145,840,real,F20
145,1030,real,F20
145,940,real,F20
146,1060,real,F20
146,300,real,F20
146,160,real,F20
146,940,real,F20
146,600,real,F20
147,870,real,F20
148,910,real,F20
149,520,real,F20
149,260,real,F20
149,720,real,F20
149,500,real,F20
150,910,real,F20
150,750,real,F20
150,660,real,F20
150,840,real,F20
150,330,real,F20
151,290,real,F11
151,620,real,F11
151,480,real,F11
151,340,real,F11
152,310,real,F10
152,560,real,F10
153,160,real,F4
154,140,real,F20
154,780,real,F20
154,1080,real,F20
155,160,real,F6
155,350,real,F6
156,510,real,F12
157,930,real,F20
157,350,real,F20
158,690,real,F20
158,940,real,F20
158,230,real,F20
158,350,real,F20
159,520,real,F20
159,470,real,F20
159,310,real,F20
159,670,real,F20
159,300,real,F20
160,740,real,F20
160,230,real,F20
160,410,real,F20
160,830,real,F20
160,990,real,F20
161,760,real,F20
161,400,real,F20
161,580,real,F20
161,210,real,F20
161,780,real,F20
162,760,real,F18
163,800,real,F15
163,130,real,F15
163,370,real,F15
164,1080,real,F20
164,290,real,F20
164,1090,real,F20
164,620,real,F20
165,1000,real,F20
165,510,real,F20
166,220,real,F5
167,950,real,F20
167,410,real,F20
167,200,real,F20
167,240,real,F20
167,450,real,F20
168,660,real,F20
168,220,real,F20
168,730,real,F20
169,370,real,F6
170,250,real,F20
170,480,real,F20
170,160,real,F20
170,740,real,F20
170,1000,real,F20
171,920,real,F20
172,560,real,F10
173,340,real,F20
173,690,real,F20
173,700,real,F20
173,590,real,F20
174,800,real,F15
174,510,real,F15
175,1000,real,F20
175,200,real,F20
175,640,real,F20
175,170,real,F20
175,1070,real,F20
176,260,real,F5
177,280,real,F20
177,600,real,F20
178,290,real,F20
178,170,real,F20
178,410,real,F20
178,700,real,F20
179,860,real,F20
179,130,real,F20
179,500,real,F20
179,660,real,F20
179,920,real,F20
180,100,real,F11
180,420,real,F11
181,590,real,F12
181,160,real,F12
181,670,real,F12
181,250,real,F12
182,260,real,F16
182,730,real,F16
182,310,real,F16
183,690,real,F20
184,670,real,F13
184,120,real,F13
184,770,real,F13
184,250,real,F13
185,1070,real,F20
185,710,real,F20
186,690,real,F20
186,360,real,F20
186,380,real,F20
186,530,real,F20
187,360,real,F20
187,950,real,F20
187,850,real,F20
187,810,real,F20
188,350,real,F20
188,980,real,F20
189,940,real,F20
189,350,real,F20
189,780,real,F20
189,390,real,F20
190,450,real,F8
191,380,real,F20
191,980,real,F20
191,830,real,F20
191,1040,real,F20
192,670,real,F14
192,430,real,F14
192,180,real,F14
192,410,real,F14
192,720,real,F14
193,810,real,F14
193,370,real,F14
193,240,real,F14
193,110,real,F14
194,790,real,F20
194,470,real,F20
194,240,real,F20
194,330,real,F20
194,1060,real,F20
195,320,real,F20
195,300,real,F20
195,340,real,F20
195,950,real,F20
195,420,real,F20
196,920,real,F20
196,710,real,F20
196,400,real,F20
196,440,real,F20
197,1080,real,F20
198,440,real,F11
199,170,real,F20
199,820,real,F20
200,460,real,F20
200,200,real,F20
200,630,real,F20
200,320,real,F20
201,400,real,F20
201,280,real,F20
201,240,real,F20
201,970,real,F20
202,150,real,F20
202,1040,real,F20
202,440,real,F20
202,470,real,F20
203,650,real,F20
203,1090,real,F20
203,250,real,F20
204,610,real,F20
204,910,real,F20
204,550,real,F20
204,680,real,F20
204,600,real,F20
205,900,real,F20
205,1010,real,F20
205,580,real,F20
205,480,real,F20
206,750,real,F14
207,110,real,F17
207,800,real,F17
207,980,real,F17
207,270,real,F17
208,450,real,F20
209,930,real,F20
209,370,real,F20
210,340,real,F13
210,700,real,F13
210,400,real,F13
211,610,real,F20
211,1020,real,F20
211,330,real,F20
212,580,real,F20
213,230,real,F20
213,160,real,F20
213,980,real,F20
214,930,real,F20
214,1080,real,F20
214,980,real,F20
214,460,real,F20
214,850,real,F20
215,540,real,F20
215,920,real,F20
215,570,real,F20
215,840,real,F20
216,960,real,F20
216,300,real,F20
217,340,real,F20
217,1050,real,F20
217,120,real,F20
218,260,real,F12
218,610,real,F12
219,600,real,F20
219,690,real,F20
219,830,real,F20
219,700,real,F20
220,810,real,F20
220,500,real,F20
220,970,real,F20
220,210,real,F20
221,540,real,F20
221,800,real,F20
221,350,real,F20
221,170,real,F20
222,1020,real,F20
223,120,real,F11
223,350,real,F11
223,370,real,F11
223,310,real,F11
224,320,real,F14
224,570,real,F14
225,320,real,F20
225,780,real,F20
225,180,real,F20
225,920,real,F20
226,650,real,F17
226,420,real,F17
227,810,real,F20
227,740,real,F20
227,930,real,F20
227,470,real,F20
227,900,real,F20
228,1010,real,F20
228,240,real,F20
228,1090,real,F20
229,780,real,F20
229,610,real,F20
230,680,real,F20
230,1060,real,F20
230,1070,real,F20
230,520,real,F20
231,670,real,F16
231,850,real,F16
232,410,real,F20
232,1080,real,F20
232,540,real,F20
233,1060,real,F20
233,140,real,F20
233,520,real,F20
234,980,real,F20
235,930,real,F20
235,760,real,F20
236,460,real,F18
236,170,real,F18
237,980,real,F20
237,160,real,F20
237,310,real,F20
237,390,real,F20
237,660,real,F20
238,860,real,F20
238,560,real,F20
238,910,real,F20
239,660,real,F13
240,540,real,F20
240,1020,real,F20
241,500,real,F17
241,930,real,F17
241,470,real,F17
241,410,real,F17
241,780,real,F17
242,960,real,F20
242,540,real,F20
242,330,real,F20
242,620,real,F20
243,720,real,F20
244,500,real,F20
244,820,real,F20
245,190,real,F15
245,520,real,F15
246,450,real,F2
246,540,real,F2
247,770,real,F20
247,1030,real,F20
248,680,real,F20
249,310,real,F20
249,700,real,F20
250,780,real,F20
250,350,real,F20
250,890,real,F20
251,1000,real,F20
251,100,real,F20
251,1090,real,F20
251,810,real,F20
252,470,real,F13
252,730,real,F13
253,400,real,F7
253,240,real,F7
253,330,real,F7
254,120,real,F20
254,1060,real,F20
254,430,real,F20
255,660,real,F17
255,280,real,F17
256,520,real,F20
256,850,real,F20
256,140,real,F20
256,630,real,F20
257,720,real,F20
257,290,real,F20
257,510,real,F20
257,960,real,F20
257,640,real,F20
258,730,real,F19
258,200,real,F19
258,870,real,F19
258,1000,real,F19
259,220,real,F20
259,830,real,F20
260,420,real,F20
260,1060,real,F20
261,510,real,F11
261,100,real,F11
261,410,real,F11
262,250,real,F13
263,650,real,F20
263,300,real,F20
263,620,real,F20
263,1080,real,F20
263,720,real,F20
264,800,real,F20
264,110,real,F20
264,350,real,F20
265,490,real,F10
265,580,real,F10
265,560,real,F10
265,260,real,F10
265,370,real,F10
266,410,real,F20
266,860,real,F20
266,650,real,F20
266,690,real,F20
266,910,real,F20
267,1040,real,F20
267,370,real,F20
267,1060,real,F20
267,920,real,F20
268,200,real,F20
268,460,real,F20
268,180,real,F20
268,110,real,F20
268,790,real,F20
269,760,real,F20
270,960,real,F20
270,140,real,F20
271,240,real,F15
271,720,real,F15
272,390,real,F20
272,170,real,F20
272,970,real,F20
273,230,real,F20
273,980,real,F20
273,440,real,F20
274,220,real,F4
275,1010,real,F17
275,500,real,F17
276,860,real,F19
276,350,real,F19
276,510,real,F19
277,590,real,F19
277,240,real,F19
277,150,real,F19
277,720,real,F19
278,500,real,F15
278,600,real,F15
279,1030,real,F20
280,510,real,F20
281,740,real,F16
281,800,real,F16
281,340,real,F16
281,700,real,F16
282,220,real,F20
282,810,real,F20
282,610,real,F20
282,730,real,F20
282,430,real,F20
283,170,real,F20
283,1070,real,F20
283,630,real,F20
283,480,real,F20
284,410,real,F20
284,1080,real,F20
284,620,real,F20
284,320,real,F20
285,680,real,F19
285,670,real,F19
285,1080,real,F19
286,500,real,F12
286,400,real,F12
286,120,real,F12
287,190,real,F14
287,710,real,F14
287,510,real,F14
287,550,real,F14
287,520,real,F14
288,450,real,F20
288,240,real,F20
288,930,real,F20
288,230,real,F20
288,540,real,F20
289,950,real,F20
289,410,real,F20
290,170,real,F13
290,660,real,F13
291,1060,real,F20
291,750,real,F20
291,470,real,F20
291,620,real,F20
291,870,real,F20
292,400,real,F20
292,920,real,F20
292,530,real,F20
293,200,real,F20
293,490,real,F20
293,930,real,F20
293,1090,real,F20
294,830,real,F20
294,200,real,F20
294,400,real,F20
294,1000,real,F20
295,830,real,F20
296,610,real,F20
296,130,real,F20
297,520,real,F15
297,370,real,F15
297,840,real,F15
298,290,real,F20
298,650,real,F20
299,940,real,F20
300,710,real,F20
300,780,real,F20
300,490,real,F20
301,990,real,F20
301,890,real,F20
301,1030,real,F20
301,260,real,F20
301,490,real,F20
302,1020,real,F20
302,550,real,F20
302,930,real,F20
302,430,real,F20
303,470,real,F20
303,640,real,F20
303,370,real,F20
303,820,real,F20
304,210,real,F16
304,750,real,F16
305,250,real,F2
305,170,real,F2
306,460,real,F20
306,1080,real,F20
306,670,real,F20
306,740,real,F20
306,530,real,F20
307,500,real,F16
308,280,real,F20
308,1010,real,F20
308,270,real,F20
309,180,real,F20
309,340,real,F20
309,990,real,F20
309,690,real,F20
310,1020,real,F20
310,390,real,F20
310,410,real,F20
311,450,real,F15
311,620,real,F15
311,270,real,F15
311,180,real,F15
311,770,real,F15
312,1040,real,F20
313,650,real,F20
313,300,real,F20
314,580,real,F20
314,600,real,F20
314,910,real,F20
315,720,real,F20
315,890,real,F20
315,330,real,F20
315,460,real,F20
315,160,real,F20
316,950,real,F18
316,660,real,F18
316,1080,real,F18
316,680,real,F18
317,400,real,F20
317,1020,real,F20
317,560,real,F20
318,240,real,F20
318,150,real,F20
318,630,real,F20
318,950,real,F20
319,1010,real,F20
319,560,real,F20
319,700,real,F20
320,940,real,F20
320,120,real,F20
320,1010,real,F20
320,410,real,F20
321,940,real,F20
321,270,real,F20
321,290,real,F20
321,310,real,F20
322,710,real,F16
322,390,real,F16
322,320,real,F16
322,410,real,F16
323,830,real,F18
324,760,real,F20
324,590,real,F20
324,860,real,F20
325,580,real,F20
325,960,real,F20
325,350,real,F20
325,680,real,F20
325,570,real,F20
326,720,real,F19
326,550,real,F19
326,560,real,F19
326,1010,real,F19
326,200,real,F19
327,700,real,F20
327,120,real,F20
327,800,real,F20
327,960,real,F20
328,720,real,F20
328,530,real,F20
328,250,real,F20
328,510,real,F20
328,490,real,F20
329,990,real,F20
329,640,real,F20
329,190,real,F20
330,870,real,F20
330,1090,real,F20
330,1000,real,F20
331,740,real,F20
331,1010,real,F20
331,260,real,F20
331,950,real,F20
331,620,real,F20
332,500,real,F20
332,110,real,F20
332,770,real,F20
332,310,real,F20
333,510,real,F10
334,1030,real,F20
334,360,real,F20
334,680,real,F20
335,500,real,F20
335,1070,real,F20
336,1070,real,F19
336,330,real,F19
336,550,real,F19
336,170,real,F19
336,670,real,F19
337,1040,real,F20
337,180,real,F20
337,320,real,F20
337,540,real,F20
337,470,real,F20
338,160,real,F20
338,990,real,F20
338,620,real,F20
338,280,real,F20
338,310,real,F20
339,1000,real,F20
339,900,real,F20
339,1070,real,F20
339,260,real,F20
339,910,real,F20
340,870,real,F20
340,930,real,F20
340,770,real,F20
341,260,real,F13
341,110,real,F13
341,530,real,F13
341,230,real,F13
342,260,real,F15
342,480,real,F15
342,120,real,F15
342,580,real,F15
343,310,real,F11
344,280,real,F11
344,460,real,F11
345,330,real,F20
345,160,real,F20
345,1040,real,F20
345,740,real,F20
345,650,real,F20
346,1010,real,F20
346,910,real,F20
347,890,real,F20
347,600,real,F20
347,120,real,F20
348,890,real,F20
348,880,real,F20
348,730,real,F20
348,810,real,F20
348,300,real,F20
349,900,real,F18
349,870,real,F18
349,200,real,F18
350,120,real,F3
350,200,real,F3
351,790,real,F20
352,800,real,F20
353,590,real,F20
353,450,real,F20
353,460,real,F20
353,400,real,F20
353,890,real,F20
354,120,real,F4
354,210,real,F4
355,350,real,F15
355,340,real,F15
355,790,real,F15
356,670,real,F17
356,540,real,F17
356,920,real,F17
356,820,real,F17
357,140,real,F20
357,860,real,F20
358,900,real,F20
358,190,real,F20
358,310,real,F20
359,350,real,F2
359,500,real,F2
360,650,real,F17
360,740,real,F17
361,460,real,F20
361,360,real,F20
361,760,real,F20
362,830,real,F20
362,170,real,F20
363,1020,real,F20
363,580,real,F20
364,200,real,F20
364,1060,real,F20
364,150,real,F20
365,500,real,F20
365,510,real,F20
365,870,real,F20
365,580,real,F20
365,620,real,F20
366,680,real,F20
366,1060,real,F20
366,380,real,F20
366,1070,real,F20
366,670,real,F20
367,800,real,F20
367,630,real,F20
367,340,real,F20
367,950,real,F20
367,810,real,F20
368,560,real,F11
369,920,real,F20
369,110,real,F20
369,610,real,F20
369,600,real,F20
369,840,real,F20
370,1070,real,F20
370,810,real,F20
370,320,real,F20
370,280,real,F20
371,1050,real,F20
372,770,real,F20
373,320,real,F6
374,270,real,F20
374,1010,real,F20
374,330,real,F20
374,760,real,F20
374,170,real,F20
375,1030,real,F20
375,1070,real,F20
375,240,real,F20
376,790,real,F20
376,170,real,F20
376,510,real,F20
376,240,real,F20
376,1050,real,F20
377,170,real,F11
377,450,real,F11
377,330,real,F11
377,140,real,F11
378,520,real,F11
378,410,real,F11
378,430,real,F11
379,750,real,F19
379,670,real,F19
379,520,real,F19
379,250,real,F19
379,780,real,F19
380,540,real,F10
380,550,real,F10
380,140,real,F10
381,780,real,F17
381,760,real,F17
381,520,real,F17
381,860,real,F17
381,450,real,F17
382,540,real,F13
382,770,real,F13
383,440,real,F8
383,310,real,F8
384,690,real,F17
384,350,real,F17
384,930,real,F17
384,670,real,F17
384,420,real,F17
385,540,real,F20
385,500,real,F20
385,1030,real,F20
385,800,real,F20
385,530,real,F20
386,190,real,F13
386,590,real,F13
386,110,real,F13
386,730,real,F13
386,660,real,F13
387,150,real,F20
387,360,real,F20
387,670,real,F20
388,1020,real,F20
388,100,real,F20
389,720,real,F14
390,720,real,F20
390,430,real,F20
390,650,real,F20
391,1050,real,F19
391,670,real,F19
391,810,real,F19
392,680,real,F20
392,620,real,F20
392,780,real,F20
392,260,real,F20
393,450,real,F20
393,950,real,F20
394,960,real,F20
394,220,real,F20
394,550,real,F20
394,680,real,F20
395,460,real,F20
395,160,real,F20
395,470,real,F20
395,890,real,F20
396,1060,real,F20
396,210,real,F20
396,780,real,F20
396,1000,real,F20
397,380,real,F18
397,850,real,F18
397,1040,real,F18
398,710,real,F20
398,430,real,F20
398,370,real,F20
399,900,real,F20
399,670,real,F20
400,280,real,F5
400,190,real,F5
401,870,real,F16
401,750,real,F16
402,240,real,F19
402,750,real,F19
402,1030,real,F19
402,810,real,F19
403,960,real,F19
403,1070,real,F19
403,280,real,F19
403,740,real,F19
403,610,real,F19
404,360,real,F20
404,740,real,F20
404,370,real,F20
404,880,real,F20
405,410,real,F20
405,800,real,F20
405,1050,real,F20
405,190,real,F20
405,310,real,F20
406,210,real,F6
407,290,real,F20
407,550,real,F20
407,410,real,F20
407,760,real,F20
408,390,real,F15
408,560,real,F15
408,710,real,F15
409,890,real,F20
409,220,real,F20
409,170,real,F20
410,270,real,F20
410,1020,real,F20
410,410,real,F20
410,500,real,F20
410,690,real,F20
411,630,real,F20
412,1010,real,F20
412,550,real,F20
412,210,real,F20
413,720,real,F18
413,470,real,F18
413,840,real,F18
414,760,real,F20
414,1000,real,F20
414,100,real,F20
414,880,real,F20
415,240,real,F8
416,520,real,F20
416,950,real,F20
417,640,real,F18
417,920,real,F18
418,920,real,F20
418,660,real,F20
418,1010,real,F20
418,130,real,F20
419,870,real,F20
419,950,real,F20
419,630,real,F20
419,920,real,F20
420,550,real,F20
420,860,real,F20
420,670,real,F20
420,610,real,F20
420,450,real,F20
421,550,real,F20
421,180,real,F20
421,1080,real,F20
421,680,real,F20
421,360,real,F20
422,1050,real,F20
422,1020,real,F20
423,930,real,F20
423,980,real,F20
423,550,real,F20
423,940,real,F20
424,920,real,F20
425,1030,real,F20
425,620,real,F20
425,780,real,F20
426,930,real,F20
426,1040,real,F20
427,180,real,F20
427,240,real,F20
427,590,real,F20
427,790,real,F20
428,480,real,F20
428,560,real,F20
429,270,real,F12
429,410,real,F12
429,470,real,F12
429,190,real,F12
429,640,real,F12
430,100,real,F20
430,1000,real,F20
430,280,real,F20
431,520,real,F20
431,140,real,F20
431,990,real,F20
431,780,real,F20
431,330,real,F20
432,150,real,F20
432,800,real,F20
432,950,real,F20
433,400,real,F10
433,590,real,F10
434,340,real,F11
434,260,real,F11
435,100,real,F20
435,800,real,F20
435,820,real,F20
435,790,real,F20
435,250,real,F20
436,790,real,F20
436,270,real,F20
436,110,real,F20
437,730,real,F20
438,140,real,F7
438,410,real,F7
439,180,real,F20
439,500,real,F20
439,1010,real,F20
440,320,real,F20
440,750,real,F20
441,580,real,F12
441,480,real,F12
441,500,real,F12
441,290,real,F12
441,370,real,F12
442,990,real,F20
442,300,real,F20
442,690,real,F20
443,730,real,F2
443,400,real,F2
444,150,real,F5
445,440,real,F9
446,1040,real,F20
446,790,real,F20
446,630,real,F20
447,100,real,F20
447,970,real,F20
447,310,real,F20
447,210,real,F20
448,660,real,F16
448,770,real,F16
448,800,real,F16
448,850,real,F16
448,670,real,F16
449,560,real,F16
449,860,real,F16
449,300,real,F16
450,790,real,F20
450,260,real,F20
450,870,real,F20
450,950,real,F20
451,330,real,F20
451,360,real,F20
451,1060,real,F20
451,310,real,F20
451,600,real,F20
452,1030,real,F20
452,650,real,F20
453,130,real,F20
453,550,real,F20
453,970,real,F20
454,280,real,F20
454,400,real,F20
454,1010,real,F20
454,690,real,F20
455,360,real,F12
455,520,real,F12
455,180,real,F12
455,420,real,F12
456,1070,real,F20
456,100,real,F20
456,160,real,F20
456,720,real,F20
456,650,real,F20
457,790,real,F20
457,900,real,F20
458,1020,real,F20
459,140,real,F20
459,1090,real,F20
460,100,real,F3
461,540,real,F11
462,250,real,F20
462,770,real,F20
462,900,real,F20
462,920,real,F20
463,170,real,F20
463,810,real,F20
463,390,real,F20
463,880,real,F20
464,800,real,F20
465,200,real,F20
465,720,real,F20
466,1040,real,F20
467,220,real,F20
467,710,real,F20
467,150,real,F20
467,1030,real,F20
468,230,real,F20
468,770,real,F20
469,280,real,F20
469,860,real,F20
469,510,real,F20
470,430,real,F20
470,1000,real,F20
470,910,real,F20
470,660,real,F20
470,350,real,F20
471,670,real,F20
472,440,real,F20
472,960,real,F20
472,430,real,F20
472,180,real,F20
473,240,real,F4
474,990,real,F20
475,850,real,F20
475,430,real,F20
475,250,real,F20
475,380,real,F20
476,870,real,F16
477,490,real,F11
478,1000,real,F20
478,160,real,F20
478,470,real,F20
478,1090,real,F20
478,1010,real,F20
479,950,real,F19
480,840,real,F20
480,710,real,F20
480,460,real,F20
481,1050,real,F20
481,910,real,F20
481,810,real,F20
481,700,real,F20
481,760,real,F20
482,860,real,F19
482,480,real,F19
482,200,real,F19
482,360,real,F19
483,300,real,F20
483,180,real,F20
483,270,real,F20
483,1080,real,F20
484,760,real,F20
484,950,real,F20
484,840,real,F20
484,360,real,F20
485,390,real,F10
486,300,real,F20
486,270,real,F20
486,960,real,F20
486,260,real,F20
487,510,real,F13
487,150,real,F13
487,680,real,F13
487,760,real,F13
488,250,real,F20
488,840,real,F20
489,160,real,F4
490,240,real,F20
490,110,real,F20
490,990,real,F20
490,860,real,F20
490,610,real,F20
491,130,real,F20
491,160,real,F20
491,700,real,F20
491,730,real,F20
491,450,real,F20
492,810,real,F15
492,770,real,F15
492,430,real,F15
492,320,real,F15
492,730,real,F15
493,870,real,F20
494,860,real,F20
495,1060,real,F19
495,860,real,F19
495,1030,real,F19
495,800,real,F19
495,540,real,F19
496,920,real,F20
496,310,real,F20
496,790,real,F20
497,720,real,F20
497,570,real,F20
497,1020,real,F20
497,410,real,F20
498,530,real,F18
498,730,real,F18
498,930,real,F18
498,750,real,F18
499,300,real,F12
499,610,real,F12
499,550,real,F12
500,440,real,F20
500,710,real,F20
501,620,real,F20
501,510,real,F20
501,960,real,F20
501,670,real,F20
501,570,real,F20
502,120,real,F15
502,710,real,F15
502,130,real,F15
502,820,real,F15
503,190,real,F4
503,120,real,F4
504,1080,real,F20
504,840,real,F20
504,280,real,F20
505,850,real,F20
505,410,real,F20
505,600,real,F20
506,340,real,F20
506,990,real,F20
506,910,real,F20
507,240,real,F20
507,800,real,F20
507,1060,real,F20
507,650,real,F20
507,200,real,F20
508,360,real,F20
508,330,real,F20
508,1050,real,F20
508,620,real,F20
508,370,real,F20
509,680,real,F14
510,680,real,F20
510,1070,real,F20
510,900,real,F20
510,440,real,F20
511,570,real,F20
511,920,real,F20
512,520,real,F17
512,1000,real,F17
513,740,real,F20
514,800,real,F16
514,840,real,F16
514,380,real,F16
514,860,real,F16
515,520,real,F1
515,640,real,F1
515,780,real,F1
515,210,real,F1
516,480,real,F1
516,930,real,F1
516,370,real,F1
516,250,real,F1
517,730,real,F19
517,830,real,F19
517,540,real,F19
518,1030,real,F20
518,1060,real,F20
518,140,real,F20
518,900,real,F20
519,730,real,F20
519,640,real,F20
519,300,real,F20
519,390,real,F20
519,1090,real,F20
520,420,real,F20
520,220,real,F20
520,460,real,F20
521,860,real,F17
521,120,real,F17
521,170,real,F17
522,810,real,F16
522,530,real,F16
522,790,real,F16
522,110,real,F16
522,300,real,F16
523,500,real,F9
523,290,real,F9
524,310,real,F7
525,380,real,F20
525,140,real,F20
525,1080,real,F20
525,510,real,F20
525,370,real,F20
526,630,real,F20
526,850,real,F20
526,760,real,F20
526,980,real,F20
526,560,real,F20
527,110,real,F5
528,960,real,F20
528,970,real,F20
528,220,real,F20
528,410,real,F20
529,470,real,F20
529,900,real,F20
529,310,real,F20
529,630,real,F20
529,870,real,F20
530,890,real,F20
531,230,real,F15
531,830,real,F15
532,680,real,F20
532,980,real,F20
532,320,real,F20
532,170,real,F20
532,480,real,F20
533,400,real,F20
533,820,real,F20
534,830,real,F16
534,510,real,F16
535,570,real,F20
535,900,real,F20
536,160,real,F5
536,280,real,F5
536,120,real,F5
537,330,real,F20
537,780,real,F20
537,380,real,F20
537,1080,real,F20
538,680,real,F17
538,640,real,F17
538,900,real,F17
538,580,real,F17
538,990,real,F17
539,790,real,F16
539,250,real,F16
540,720,real,F20
541,560,real,F20
541,510,real,F20
541,910,real,F20
541,360,real,F20
542,450,real,F10
542,210,real,F10
543,340,real,F20
543,1040,real,F20
544,470,real,F10
545,840,real,F20
545,1070,real,F20
545,750,real,F20
545,580,real,F20
546,990,real,F20
546,450,real,F20
546,330,real,F20
546,720,real,F20
546,1020,real,F20
547,880,real,F20
548,980,real,F20
549,860,real,F17
549,700,real,F17
549,500,real,F17
549,300,real,F17
549,570,real,F17
550,910,real,F20
550,580,real,F20
550,780,real,F20
550,360,real,F20
550,430,real,F20
551,900,real,F19
552,1050,real,F20
553,760,real,F20
554,140,real,F19
554,190,real,F19
554,890,real,F19
554,270,real,F19
555,330,real,F9
556,770,real,F20
556,630,real,F20
556,310,real,F20
556,190,real,F20
556,350,real,F20
557,370,real,F6
557,300,real,F6
558,650,real,F16
559,1050,real,F20
559,370,real,F20
560,980,real,F20
560,740,real,F20
561,450,real,F20
561,1000,real,F20
562,1080,real,F20
562,790,real,F20
563,550,real,F12
564,560,real,F20
564,700,real,F20
564,620,real,F20
564,1010,real,F20
565,440,real,F20
565,120,real,F20
565,430,real,F20
565,830,real,F20
566,910,real,F20
567,740,real,F13
567,360,real,F13
567,570,real,F13
567,560,real,F13
568,780,real,F14
568,390,real,F14
568,270,real,F14
568,720,real,F14
569,480,real,F18
569,740,real,F18
569,1060,real,F18
569,920,real,F18
569,340,real,F18
570,560,real,F20
570,930,real,F20
571,1000,real,F20
571,1030,real,F20
571,730,real,F20
571,970,real,F20
572,640,real,F13
573,550,real,F20
573,530,real,F20
573,170,real,F20
573,870,real,F20
573,480,real,F20
574,1060,real,F20
575,570,real,F11
575,220,real,F11
576,620,real,F19
576,1010,real,F19
576,220,real,F19
576,260,real,F19
576,1020,real,F19
577,540,real,F14
578,1000,real,F20
579,750,real,F19
580,510,real,F20
580,850,real,F20
580,480,real,F20
580,750,real,F20
580,650,real,F20
581,900,real,F20
582,680,real,F20
583,300,real,F20
583,880,real,F20
584,110,real,F10
584,220,real,F10
584,330,real,F10
585,800,real,F20
585,500,real,F20
585,550,real,F20
585,560,real,F20
586,940,real,F20
586,590,real,F20
587,1040,real,F20
587,500,real,F20
587,100,real,F20
587,540,real,F20
587,670,real,F20
588,300,real,F20
588,540,real,F20
588,950,real,F20
588,500,real,F20
588,400,real,F20
589,100,real,F20
589,950,real,F20
589,1040,real,F20
589,140,real,F20
590,270,real,F13
590,200,real,F13
590,210,real,F13
590,410,real,F13
590,100,real,F13
591,810,real,F20
591,610,real,F20
591,480,real,F20
591,1020,real,F20
591,850,real,F20
592,1000,real,F20
593,510,real,F20
593,270,real,F20
593,990,real,F20
593,1080,real,F20
593,1070,real,F20
594,1030,real,F20
595,280,real,F20
595,550,real,F20
595,510,real,F20
595,890,real,F20
596,1070,real,F20
596,730,real,F20
597,110,real,F7
597,390,real,F7
598,700,real,F20
598,870,real,F20
599,230,real,F17
599,800,real,F17
600,270,real,F20
600,920,real,F20
601,570,real,F10
601,460,real,F10
601,260,real,F10
601,600,real,F10
602,620,real,F20
602,590,real,F20
602,950,real,F20
602,280,real,F20
602,250,real,F20
603,270,real,F20
603,940,real,F20
604,440,real,F18
604,950,real,F18
605,580,real,F17
605,840,real,F17
605,490,real,F17
605,350,real,F17
605,150,real,F17
606,1080,real,F20
606,340,real,F20
606,800,real,F20
607,660,real,F14
607,390,real,F14
607,510,real,F14
608,760,real,F20
608,470,real,F20
608,930,real,F20
608,720,real,F20
609,560,real,F20
609,370,real,F20
609,1000,real,F20
609,900,real,F20
609,670,real,F20
610,160,real,F20
610,1010,real,F20
610,930,real,F20
610,330,real,F20
610,420,real,F20
611,970,real,F20
612,1050,real,F20
612,430,real,F20
612,860,real,F20
612,480,real,F20
612,160,real,F20
613,140,real,F20
613,650,real,F20
613,160,real,F20
613,1060,real,F20
614,440,real,F20
614,930,real,F20
615,430,real,F8
616,1080,real,F20
617,780,real,F20
618,720,real,F20
618,960,real,F20
618,1050,real,F20
618,1080,real,F20
618,600,real,F20
619,540,real,F20
619,290,real,F20
619,280,real,F20
619,730,real,F20
619,630,real,F20
620,130,real,F4
620,260,real,F4
621,390,real,F20
621,100,real,F20
621,1060,real,F20
622,710,real,F20
622,420,real,F20
622,1050,real,F20
623,120,real,F20
623,630,real,F20
623,260,real,F20
623,1040,real,F20
624,420,real,F20
624,860,real,F20
624,470,real,F20
625,240,real,F4
626,730,real,F20
626,120,real,F20
626,390,real,F20
626,860,real,F20
627,1090,real,F20
627,870,real,F20
627,370,real,F20
627,650,real,F20
627,630,real,F20
628,280,real,F20
628,950,real,F20
628,170,real,F20
628,290,real,F20
629,360,real,F8
629,350,real,F8
630,790,real,F20
630,230,real,F20
630,1040,real,F20
630,870,real,F20
631,1030,real,F20
631,780,real,F20
632,120,real,F8
632,420,real,F8
632,270,real,F8
632,330,real,F8
633,610,real,F20
633,470,real,F20
633,380,real,F20
634,490,real,F9
635,100,real,F4
636,700,real,F20
636,260,real,F20
636,490,real,F20
636,450,real,F20
636,850,real,F20
637,140,real,F20
637,170,real,F20
637,980,real,F20
637,470,real,F20
638,240,real,F20
638,800,real,F20
638,330,real,F20
638,340,real,F20
639,540,real,F10
639,270,real,F10
640,170,real,F20
640,1070,real,F20
640,560,real,F20
640,990,real,F20
641,840,real,F20
641,700,real,F20
641,520,real,F20
642,540,real,F12
643,140,real,F4
643,240,real,F4
644,920,real,F20
644,550,real,F20
644,680,real,F20
644,280,real,F20
644,750,real,F20
645,610,real,F20
645,300,real,F20
645,1070,real,F20
645,450,real,F20
646,1020,real,F20
647,520,real,F20
648,880,real,F20
648,180,real,F20
648,760,real,F20
648,1040,real,F20
648,310,real,F20
649,1040,real,F20
649,210,real,F20
650,1050,real,F20
650,650,real,F20
650,670,real,F20
651,300,real,F20
652,570,real,F20
652,900,real,F20
652,870,real,F20
652,940,real,F20
652,970,real,F20
653,1050,real,F20
654,440,real,F14
654,810,real,F14
655,650,real,F20
655,910,real,F20
656,300,real,F6
657,290,real,F20
657,570,real,F20
657,740,real,F20
657,690,real,F20
657,230,real,F20
658,1030,real,F20
659,150,real,F5
660,270,real,F15
660,830,real,F15
660,310,real,F15
660,250,real,F15
661,100,real,F12
662,460,real,F16
662,770,real,F16
662,590,real,F16
663,710,real,F20
663,320,real,F20
663,1080,real,F20
664,560,real,F20
664,370,real,F20
665,750,real,F18
665,1030,real,F18
665,1040,real,F18
665,980,real,F18
665,350,real,F18
666,790,real,F20
666,210,real,F20
666,380,real,F20
666,140,real,F20
667,770,real,F18
667,660,real,F18
667,540,real,F18
667,980,real,F18
667,740,real,F18
668,1020,real,F20
668,1060,real,F20
668,480,real,F20
669,1050,real,F20
669,340,real,F20
669,770,real,F20
669,480,real,F20
669,730,real,F20
670,430,real,F13
670,630,real,F13
670,740,real,F13
670,250,real,F13
670,690,real,F13
671,1010,real,F20
671,1020,real,F20
671,1030,real,F20
671,550,real,F20
672,660,real,F12
672,310,real,F12
673,1080,real,F20
674,650,real,F20
674,960,real,F20
675,890,real,F17
676,970,real,F20
676,300,real,F20
676,640,real,F20
676,190,real,F20
677,290,real,F16
677,910,real,F16
677,570,real,F16
677,320,real,F16
678,1060,real,F20
678,780,real,F20
679,110,real,F20
679,580,real,F20
679,410,real,F20
679,640,real,F20
680,840,real,F16
681,880,real,F18
681,100,real,F18
681,700,real,F18
681,680,real,F18
681,540,real,F18
682,570,real,F11
682,340,real,F11
683,210,real,F20
683,670,real,F20
683,440,real,F20
684,1010,real,F20
684,160,real,F20
684,730,real,F20
684,640,real,F20
684,670,real,F20
685,810,real,F14
685,760,real,F14
685,290,real,F14
685,720,real,F14
686,370,real,F7
686,400,real,F7
687,820,real,F20
687,650,real,F20
688,340,real,F20
688,960,real,F20
689,920,real,F20
689,1070,real,F20
689,650,real,F20
689,320,real,F20
689,170,real,F20
690,680,real,F20
690,1040,real,F20
690,610,real,F20
691,720,real,F17
692,300,real,F20
692,1000,real,F20
692,860,real,F20
692,140,real,F20
693,250,real,F5
694,1050,real,F20
694,870,real,F20
694,420,real,F20
695,230,real,F9
695,410,real,F9
695,250,real,F9
696,1050,real,F20
696,960,real,F20
696,460,real,F20
696,630,real,F20
696,740,real,F20
697,800,real,F20
697,390,real,F20
697,1000,real,F20
697,700,real,F20
698,430,real,F20
698,870,real,F20
698,550,real,F20
698,150,real,F20
698,540,real,F20
699,710,real,F20
700,660,real,F20
700,790,real,F20
700,1020,real,F20
700,490,real,F20
700,920,real,F20
701,770,real,F13
701,650,real,F13
702,670,real,F20
702,650,real,F20
702,130,real,F20
702,1050,real,F20
703,940,real,F20
704,960,real,F20
704,760,real,F20
705,1000,real,F20
705,850,real,F20
705,220,real,F20
706,1080,real,F19
706,440,real,F19
706,650,real,F19
706,1030,real,F19
707,740,real,F20
708,850,real,F1
708,200,real,F1
708,570,real,F1
709,450,real,F8
709,410,real,F8
710,720,real,F20
710,180,real,F20
710,940,real,F20
710,670,real,F20
710,390,real,F20
711,850,real,F16
712,330,real,F20
712,1050,real,F20
713,700,real,F20
714,410,real,F20
714,490,real,F20
714,1020,real,F20
715,460,real,F9
715,450,real,F9
715,270,real,F9
715,400,real,F9
715,340,real,F9
716,270,real,F4
717,910,real,F16
717,900,real,F16
717,240,real,F16
718,880,real,F20
718,190,real,F20
718,640,real,F20
718,530,real,F20
719,140,real,F7
719,390,real,F7
720,390,real,F20
720,890,real,F20
720,320,real,F20
720,510,real,F20
721,1020,real,F20
721,1000,real,F20
721,590,real,F20
721,610,real,F20
721,810,real,F20
722,330,real,F6
723,790,real,F20
723,680,real,F20
724,760,real,F13
724,350,real,F13
725,120,real,F12
725,590,real,F12
726,740,real,F20
726,880,real,F20
726,440,real,F20
727,710,real,F20
727,740,real,F20
727,130,real,F20
728,420,real,F7
728,400,real,F7
729,150,real,F13
730,290,real,F20
730,220,real,F20
730,940,real,F20
731,460,real,F20
731,1050,real,F20
731,600,real,F20
731,290,real,F20
731,480,real,F20
732,490,real,F20
733,310,real,F20
733,750,real,F20
733,950,real,F20
734,840,real,F20
734,1090,real,F20
734,620,real,F20
734,160,real,F20
734,640,real,F20
735,900,real,F20
735,770,real,F20
735,350,real,F20
735,570,real,F20
736,950,real,F20
736,190,real,F20
736,1050,real,F20
736,480,real,F20
736,1060,real,F20
737,410,real,F12
737,610,real,F12
737,450,real,F12
737,160,real,F12
738,1010,real,F20
738,940,real,F20
739,210,real,F20
739,520,real,F20
739,870,real,F20
740,1050,real,F20
741,170,real,F20
741,150,real,F20
741,220,real,F20
741,960,real,F20
741,370,real,F20
742,560,real,F20
742,930,real,F20
743,740,real,F16
743,680,real,F16
743,260,real,F16
743,900,real,F16
743,320,real,F16
744,700,real,F20
744,940,real,F20
744,920,real,F20
744,450,real,F20
744,1020,real,F20
745,740,real,F20
745,590,real,F20
745,610,real,F20
745,570,real,F20
745,550,real,F20
746,550,real,F16
746,740,real,F16
746,760,real,F16
746,780,real,F16
746,170,real,F16
747,1010,real,F20
747,230,real,F20
748,620,real,F20
748,180,real,F20
748,300,real,F20
748,470,real,F20
749,280,real,F13
749,180,real,F13
749,110,real,F13
749,620,real,F13
749,690,real,F13
750,750,real,F20
751,120,real,F20
751,490,real,F20
752,1060,real,F20
752,360,real,F20
752,800,real,F20
752,1050,real,F20
753,720,real,F20
754,820,real,F20
754,1000,real,F20
754,330,real,F20
755,800,real,F20
755,940,real,F20
755,900,real,F20
755,660,real,F20
756,110,real,F5
756,270,real,F5
756,130,real,F5
757,400,real,F20
757,200,real,F20
757,600,real,F20
757,1020,real,F20
757,180,real,F20
758,790,real,F15
759,1020,real,F20
759,910,real,F20
759,170,real,F20
760,1040,real,F20
760,800,real,F20
761,600,real,F11
761,340,real,F11
762,580,real,F20
763,540,real,F20
763,890,real,F20
763,480,real,F20
763,990,real,F20
763,880,real,F20
764,940,real,F20
764,830,real,F20
764,360,real,F20
764,1030,real,F20
765,600,real,F18
765,100,real,F18
765,710,real,F18
765,1080,real,F18
766,280,real,F14
766,510,real,F14
766,480,real,F14
766,770,real,F14
767,690,real,F13
768,870,real,F20
769,220,real,F7
770,870,real,F20
771,440,real,F8
772,230,real,F19
772,190,real,F19
772,840,real,F19
773,130,real,F20
773,1070,real,F20
773,1050,real,F20
773,270,real,F20
774,640,real,F18
774,150,real,F18
774,660,real,F18
774,270,real,F18
775,710,real,F20
775,810,real,F20
775,980,real,F20
775,970,real,F20
775,950,real,F20
776,600,real,F15
777,220,real,F20
777,640,real,F20
778,1050,real,F20
778,1010,real,F20
778,150,real,F20
778,520,real,F20
779,520,real,F20
779,800,real,F20
779,400,real,F20
779,940,real,F20
779,830,real,F20
780,380,real,F20
780,840,real,F20
780,1030,real,F20
780,390,real,F20
781,450,real,F20
781,830,real,F20
781,510,real,F20
781,1020,real,F20
782,730,real,F13
782,630,real,F13
782,310,real,F13
782,750,real,F13
782,520,real,F13
783,1090,real,F20
784,790,real,F20
784,1030,real,F20
784,320,real,F20
785,150,real,F20
785,750,real,F20
785,650,real,F20
785,130,real,F20
785,690,real,F20
786,170,real,F20
786,1070,real,F20
786,370,real,F20
786,690,real,F20
786,910,real,F20
787,890,real,F19
787,1010,real,F19
787,540,real,F19
788,880,real,F17
788,100,real,F17
788,190,real,F17
789,100,real,F11
789,470,real,F11
789,600,real,F11
790,960,real,F20
790,390,real,F20
790,110,real,F20
790,190,real,F20
791,580,real,F13
792,230,real,F17
792,910,real,F17
792,940,real,F17
792,400,real,F17
793,490,real,F9
794,130,real,F20
794,890,real,F20
794,770,real,F20
794,580,real,F20
795,790,real,F20
795,670,real,F20
795,1030,real,F20
795,280,real,F20
795,210,real,F20
796,1000,real,F2
796,630,real,F2
796,360,real,F2
796,220,real,F2
797,350,real,F8
797,390,real,F8
798,540,real,F20
798,880,real,F20
799,1030,real,F20
799,1060,real,F20
799,1040,real,F20
800,420,real,F7
801,340,real,F20
801,360,real,F20
801,1000,real,F20
801,870,real,F20
802,320,real,F20
802,860,real,F20
803,720,real,F20
803,1060,real,F20
803,250,real,F20
803,690,real,F20
804,540,real,F20
804,1000,real,F20
804,730,real,F20
805,440,real,F20
805,330,real,F20
805,610,real,F20
805,930,real,F20
805,130,real,F20
806,360,real,F16
806,580,real,F16
806,610,real,F16
806,700,real,F16
806,400,real,F16
807,750,real,F20
808,1060,real,F20
808,770,real,F20
808,750,real,F20
809,320,real,F20
809,300,real,F20
809,330,real,F20
809,120,real,F20
809,930,real,F20
810,680,real,F20
810,920,real,F20
810,790,real,F20
810,400,real,F20
811,470,real,F20
811,790,real,F20
812,690,real,F20
812,190,real,F20
813,480,real,F8
814,140,real,F5
814,260,real,F5
815,480,real,F16
815,550,real,F16
816,530,real,F20
816,330,real,F20
816,920,real,F20
816,480,real,F20
817,590,real,F20
818,610,real,F12
818,310,real,F12
818,180,real,F12
819,240,real,F15
819,770,real,F15
819,330,real,F15
820,270,real,F20
821,620,real,F12
821,130,real,F12
822,820,real,F20
822,840,real,F20
822,260,real,F20
822,190,real,F20
823,420,real,F20
823,650,real,F20
823,290,real,F20
823,680,real,F20
823,990,real,F20
824,590,real,F16
824,820,real,F16
825,970,real,F20
825,620,real,F20
826,380,real,F20
826,260,real,F20
826,460,real,F20
826,320,real,F20
826,1020,real,F20
827,310,real,F20
827,470,real,F20
827,990,real,F20
828,910,real,F20
829,290,real,F20
830,990,real,F17
830,1000,real,F17
830,340,real,F17
831,390,real,F12
831,280,real,F12
832,560,real,F20
832,520,real,F20
832,630,real,F20
832,1000,real,F20
833,650,real,F19
833,100,real,F19
834,500,real,F16
834,120,real,F16
834,400,real,F16
835,690,real,F20
835,1010,real,F20
836,770,real,F19
836,420,real,F19
836,170,real,F19
837,640,real,F20
837,370,real,F20
837,820,real,F20
837,960,real,F20
837,840,real,F20
838,460,real,F20
838,930,real,F20
838,1030,real,F20
839,480,real,F20
839,730,real,F20
839,690,real,F20
840,170,real,F20
840,400,real,F20
841,860,real,F20
841,890,real,F20
842,390,real,F8
842,440,real,F8
842,190,real,F8
843,160,real,F20
844,120,real,F14
844,590,real,F14
845,860,real,F20
845,540,real,F20
845,160,real,F20
845,690,real,F20
845,340,real,F20
846,640,real,F12
847,500,real,F9
847,380,real,F9
847,180,real,F9
848,310,real,F13
848,560,real,F13
848,370,real,F13
849,740,real,F20
849,300,real,F20
850,370,real,F18
850,770,real,F18
850,520,real,F18
850,300,real,F18
851,100,real,F15
851,560,real,F15
851,220,real,F15
852,630,real,F13
852,320,real,F13
852,230,real,F13
852,340,real,F13
853,980,real,F20
853,1080,real,F20
854,130,real,F19
854,260,real,F19
854,390,real,F19
854,930,real,F19
855,1020,real,F19
855,470,real,F19
855,390,real,F19
855,300,real,F19
856,210,real,F19
856,780,real,F19
856,500,real,F19
857,1080,real,F20
858,510,real,F20
858,620,real,F20
858,800,real,F20
858,1090,real,F20
859,1020,real,F20
860,670,real,F16
860,840,real,F16
861,450,real,F20
861,500,real,F20
861,780,real,F20
861,710,real,F20
861,720,real,F20
862,710,real,F20
862,560,real,F20
862,690,real,F20
862,1070,real,F20
863,440,real,F10
863,520,real,F10
864,700,real,F18
864,930,real,F18
864,680,real,F18
865,660,real,F20
865,970,real,F20
865,120,real,F20
866,720,real,F20
866,1030,real,F20
867,400,real,F20
867,960,real,F20
867,730,real,F20
867,630,real,F20
868,250,real,F7
869,150,real,F3
870,230,real,F20
870,440,real,F20
870,940,real,F20
870,960,real,F20
871,380,real,F20
871,290,real,F20
871,1080,real,F20
871,590,real,F20
872,1080,real,F20
872,130,real,F20
872,660,real,F20
872,800,real,F20
873,1090,real,F20
874,610,real,F17
874,310,real,F17
875,690,real,F14
875,280,real,F14
875,580,real,F14
875,110,real,F14
876,910,real,F19
876,400,real,F19
876,320,real,F19
876,150,real,F19
877,500,real,F19
878,790,real,F20
878,970,real,F20
879,210,real,F5
880,470,real,F20
880,680,real,F20
880,770,real,F20
880,1010,real,F20
881,820,real,F20
881,460,real,F20
882,1070,real,F20
882,410,real,F20
882,140,real,F20
882,470,real,F20
882,700,real,F20
883,710,real,F20
883,510,real,F20
883,240,real,F20
883,520,real,F20
883,550,real,F20
884,620,real,F20
884,350,real,F20
884,1020,real,F20
885,400,real,F12
885,560,real,F12
886,1090,real,F19
886,980,real,F19
886,290,real,F19
887,130,real,F6
887,220,real,F6
887,360,real,F6
888,780,real,F20
888,1080,real,F20
888,840,real,F20
888,740,real,F20
889,1080,real,F20
889,150,real,F20
889,370,real,F20
889,170,real,F20
889,950,real,F20
890,980,real,F20
890,510,real,F20
890,390,real,F20
890,180,real,F20
890,580,real,F20
891,550,real,F16
891,130,real,F16
891,900,real,F16
891,860,real,F16
892,840,real,F18
892,980,real,F18
892,690,real,F18
893,150,real,F3
894,490,real,F20
894,1090,real,F20
894,810,real,F20
894,430,real,F20
894,630,real,F20
895,850,real,F20
895,680,real,F20
895,720,real,F20
896,560,real,F20
896,950,real,F20
896,680,real,F20
896,120,real,F20
896,1040,real,F20
897,550,real,F20
898,920,real,F20
898,390,real,F20
899,780,real,F17
899,450,real,F17
899,290,real,F17
900,1000,real,F17
900,290,real,F17
900,330,real,F17
900,620,real,F17
901,910,real,F20
901,510,real,F20
902,930,real,F20
902,510,real,F20
902,730,real,F20
902,940,real,F20
902,610,real,F20
903,940,real,F20
903,680,real,F20
904,190,real,F20
904,950,real,F20
905,1060,real,F20
905,820,real,F20
905,1050,real,F20
906,810,real,F17
907,190,real,F8
907,440,real,F8
908,900,real,F20
909,280,real,F20
909,600,real,F20
909,840,real,F20
910,1090,real,F20
910,140,real,F20
911,610,real,F20
911,700,real,F20
911,640,real,F20
912,380,real,F19
912,920,real,F19
912,170,real,F19
912,1000,real,F19
913,730,real,F1
913,110,real,F1
913,950,real,F1
914,990,real,F20
915,180,real,F15
915,390,real,F15
915,650,real,F15
915,170,real,F15
916,730,real,F16
917,390,real,F11
917,580,real,F11
917,250,real,F11
917,240,real,F11
918,430,real,F15
918,790,real,F15
919,500,real,F16
919,650,real,F16
919,130,real,F16
919,790,real,F16
920,620,real,F20
920,1040,real,F20
920,250,real,F20
920,1090,real,F20
920,1070,real,F20
921,440,real,F14
921,410,real,F14
921,630,real,F14
922,820,real,F20
922,960,real,F20
923,170,real,F6
924,340,real,F20
924,1080,real,F20
924,720,real,F20
925,620,real,F20
925,690,real,F20
925,260,real,F20
925,480,real,F20
925,860,real,F20
926,590,real,F15
926,420,real,F15
927,960,real,F20
927,500,real,F20
927,760,real,F20
928,850,real,F20
928,450,real,F20
929,770,real,F20
930,910,real,F20
931,430,real,F20
931,640,real,F20
931,940,real,F20
931,890,real,F20
931,420,real,F20
932,310,real,F20
932,860,real,F20
933,290,real,F18
933,410,real,F18
933,130,real,F18
933,450,real,F18
934,580,real,F19
934,530,real,F19
934,820,real,F19
934,720,real,F19
935,330,real,F20
935,100,real,F20
935,800,real,F20
935,280,real,F20
936,120,real,F15
936,770,real,F15
936,800,real,F15
936,470,real,F15
937,730,real,F20
937,900,real,F20
938,110,real,F15
938,580,real,F15
938,700,real,F15
938,550,real,F15
938,270,real,F15
939,960,real,F20
939,560,real,F20
939,440,real,F20
939,840,real,F20
939,140,real,F20
940,780,real,F20
940,980,real,F20
940,740,real,F20
941,480,real,F20
941,780,real,F20
942,920,real,F18
942,270,real,F18
943,320,real,F7
943,330,real,F7
944,550,real,F20
944,830,real,F20
945,1090,real,F20
945,420,real,F20
945,590,real,F20
946,360,real,F20
946,100,real,F20
946,720,real,F20
946,880,real,F20
947,660,real,F20
947,600,real,F20
947,330,real,F20
947,310,real,F20
947,1050,real,F20
948,600,real,F13
948,550,real,F13
948,580,real,F13
949,740,real,F20
950,570,real,F10
951,1010,real,F20
951,170,real,F20
951,770,real,F20
951,610,real,F20
951,530,real,F20
952,460,real,F10
952,230,real,F10
953,820,real,F20
953,230,real,F20
953,100,real,F20
954,560,real,F12
955,900,real,F20
955,140,real,F20
955,910,real,F20
955,190,real,F20
955,110,real,F20
956,180,real,F20
956,690,real,F20
957,350,real,F18
957,780,real,F18
957,270,real,F18
958,560,real,F20
958,690,real,F20
958,200,real,F20
959,710,real,F20
960,190,real,F3
961,360,real,F6
962,700,real,F20
962,370,real,F20
962,860,real,F20
962,1060,real,F20
962,1040,real,F20
963,670,real,F20
964,780,real,F20
964,700,real,F20
964,160,real,F20
964,290,real,F20
964,210,real,F20
965,110,real,F20
965,610,real,F20
965,430,real,F20
965,480,real,F20
965,1060,real,F20
966,270,real,F5
967,820,real,F20
967,240,real,F20
967,680,real,F20
967,980,real,F20
968,310,real,F20
968,1050,real,F20
968,550,real,F20
968,960,real,F20
968,950,real,F20
969,620,real,F13
969,690,real,F13
969,130,real,F13
970,170,real,F3
971,780,real,F20
971,260,real,F20
972,530,real,F20
972,550,real,F20
973,360,real,F12
973,670,real,F12
973,330,real,F12
973,660,real,F12
973,260,real,F12
974,910,real,F20
974,280,real,F20
975,370,real,F19
975,1070,real,F19
975,680,real,F19
975,480,real,F19
976,150,real,F3
977,540,real,F12
977,160,real,F12
978,120,real,F8
979,100,real,F20
979,110,real,F20
979,900,real,F20
979,220,real,F20
979,920,real,F20
980,140,real,F10
980,560,real,F10
981,860,real,F20
981,820,real,F20
982,390,real,F20
982,1050,real,F20
982,340,real,F20
983,650,real,F20
983,1020,real,F20
983,1080,real,F20
983,870,real,F20
983,840,real,F20
984,520,real,F20
984,960,real,F20
984,980,real,F20
985,510,real,F20
986,880,real,F16
986,370,real,F16
986,540,real,F16
987,480,real,F9
988,940,real,F20
988,850,real,F20
988,970,real,F20
989,640,real,F12
990,130,real,F15
990,470,real,F15
990,330,real,F15
990,810,real,F15
991,770,real,F20
991,1000,real,F20
991,1050,real,F20
992,1000,real,F20
992,610,real,F20
993,310,real,F5
994,340,real,F20
994,140,real,F20
994,890,real,F20
994,550,real,F20
994,690,real,F20
995,830,real,F20
996,850,real,F20
996,600,real,F20
996,590,real,F20
996,580,real,F20
997,390,real,F20
997,380,real,F20
997,840,real,F20
997,580,real,F20
997,1020,real,F20
998,120,real,F3
999,340,real,F6
1000,160,real,F7
1000,310,real,F7
1001,510,real,F20
1001,570,real,F20
1002,530,real,F20
1002,370,real,F20
1002,760,real,F20
1002,910,real,F20
1002,360,real,F20
1003,810,real,F20
1004,1070,real,F20
1004,100,real,F20
1005,1080,real,F20
1006,650,real,F20
1006,820,real,F20
1006,480,real,F20
1006,380,real,F20
1006,740,real,F20
1007,220,real,F20
1007,120,real,F20
1007,550,real,F20
1007,1030,real,F20
1007,170,real,F20
1008,120,real,F3
1009,440,real,F16
1009,820,real,F16
1009,610,real,F16
1009,810,real,F16
1010,1030,real,F18
1010,470,real,F18
1010,430,real,F18
1010,420,real,F18
1011,310,real,F6
1011,380,real,F6
1012,820,real,F20
1012,990,real,F20
1012,350,real,F20
1012,920,real,F20
1012,400,real,F20
1013,360,real,F14
1013,300,real,F14
1013,710,real,F14
1013,660,real,F14
1014,310,real,F9
1015,680,real,F20
1015,990,real,F20
1015,570,real,F20
1016,880,real,F20
1016,430,real,F20
1016,510,real,F20
1016,550,real,F20
1017,810,real,F20
1017,390,real,F20
1017,640,real,F20
1017,950,real,F20
1017,740,real,F20
1018,280,real,F16
1018,370,real,F16
1018,550,real,F16
1018,650,real,F16
1018,810,real,F16
1019,310,real,F20
1019,850,real,F20
1020,960,real,F20
1020,740,real,F20
1020,380,real,F20
1020,1040,real,F20
1021,150,real,F20
1021,840,real,F20
1022,290,real,F5
1023,920,real,F17
1023,460,real,F17
1023,840,real,F17
1024,360,real,F20
1024,160,real,F20
1024,1000,real,F20
1025,100,real,F10
1025,530,real,F10
1025,400,real,F10
1026,600,real,F13
1026,690,real,F13
1026,270,real,F13
1026,480,real,F13
1026,290,real,F13
1027,240,real,F20
1027,1000,real,F20
1027,390,real,F20
1027,480,real,F20
1028,570,real,F20
1028,380,real,F20
1028,740,real,F20
1028,350,real,F20
1029,650,real,F20
1029,910,real,F20
1029,540,real,F20
1030,800,real,F17
1030,830,real,F17
1030,770,real,F17
1031,100,real,F20
1031,690,real,F20
1031,1010,real,F20
1031,1000,real,F20
1031,1060,real,F20
1032,160,real,F20
1032,890,real,F20
1032,660,real,F20
1032,290,real,F20
1033,460,real,F20
1033,920,real,F20
1033,300,real,F20
1033,340,real,F20
1034,790,real,F17
1034,990,real,F17
1035,350,real,F7
1036,600,real,F15
1036,730,real,F15
1036,200,real,F15
1036,350,real,F15
1036,610,real,F15
1037,1050,real,F19
1038,890,real,F20
1038,980,real,F20
1038,800,real,F20
1039,280,real,F19
1039,220,real,F19
1039,640,real,F19
1040,120,real,F3
1041,350,real,F20
1041,520,real,F20
1041,1050,real,F20
1042,1040,real,F19
1043,350,real,F16
1043,900,real,F16
1044,340,real,F20
1044,970,real,F20
1044,290,real,F20
1044,610,real,F20
1045,950,real,F20
1045,270,real,F20
1045,530,real,F20
1045,130,real,F20
1046,670,real,F20
1046,830,real,F20
1046,650,real,F20
1046,680,real,F20
1046,800,real,F20
1047,760,real,F13
1047,690,real,F13
1048,1080,real,F20
1048,210,real,F20
1049,730,real,F20
1050,210,real,F20
1050,660,real,F20
1050,1000,real,F20
1051,290,real,F20
1051,990,real,F20
1051,110,real,F20
1051,740,real,F20
1052,240,real,F18
1052,1030,real,F18
1052,470,real,F18
1052,310,real,F18
1052,740,real,F18
1053,850,real,F20
1054,550,real,F13
1055,950,real,F20
1056,240,real,F13
1056,770,real,F13
1056,100,real,F13
1056,340,real,F13
1057,660,real,F14
1057,340,real,F14
1057,650,real,F14
1058,290,real,F2
1058,640,real,F2
1059,280,real,F20
1059,660,real,F20
1059,610,real,F20
1059,590,real,F20
1060,520,real,F20
1060,150,real,F20
1060,1010,real,F20
1060,190,real,F20
1060,1030,real,F20
1061,460,real,F20
1061,950,real,F20
1061,740,real,F20
1062,1080,real,F18
1062,1010,real,F18
1062,330,real,F18
1063,280,real,F5
1063,110,real,F5
1064,430,real,F20
1064,860,real,F20
1064,850,real,F20
1064,250,real,F20
1065,930,real,F20
1065,690,real,F20
1066,710,real,F20
1066,690,real,F20
1066,1020,real,F20
1067,1050,real,F20
1067,1090,real,F20
1068,540,real,F15
1068,640,real,F15
1068,320,real,F15
1069,760,real,F19
1070,430,real,F20
1070,970,real,F20
1070,1070,real,F20
1071,970,real,F20
1072,1090,real,F20
1072,530,real,F20
1072,130,real,F20
1073,180,real,F19
1073,500,real,F19
1073,1050,real,F19
1074,160,real,F6
1074,350,real,F6
1074,380,real,F6
1075,910,real,F20
1076,780,real,F20
1076,320,real,F20
1076,440,real,F20
1077,560,real,F15
1077,710,real,F15
1077,470,real,F15
1077,830,real,F15
1078,290,real,F18
1078,720,real,F18
1079,920,real,F20
1079,340,real,F20
1079,190,real,F20
1080,410,real,F20
1080,620,real,F20
1080,710,real,F20
1081,1070,real,F20
1081,290,real,F20
1082,710,real,F13
1083,210,real,F20
1083,190,real,F20
1083,280,real,F20
1083,1070,real,F20
1084,250,real,F4
1085,730,real,F20
1086,820,real,F14
1086,310,real,F14
1086,280,real,F14
1086,230,real,F14
1086,140,real,F14
1087,840,real,F20
1087,580,real,F20
1087,930,real,F20
1088,740,real,F18
1088,580,real,F18
1088,400,real,F18
1088,490,real,F18
1088,650,real,F18
1089,710,real,F14
1089,220,real,F14
1090,120,real,F20
1090,710,real,F20
1090,1050,real,F20
1091,1030,real,F20
1091,530,real,F20
1091,870,real,F20
1092,100,real,F20
1092,1030,real,F20
1092,510,real,F20
1093,990,real,F20
1093,390,real,F20
1093,630,real,F20
1093,220,real,F20
1094,910,real,F20
1094,980,real,F20
1094,300,real,F20
1095,1040,real,F20
1095,450,real,F20
1096,680,real,F20
1096,220,real,F20
1096,210,real,F20
1096,710,real,F20
1096,130,real,F20
1097,770,real,F20
1097,290,real,F20
1097,610,real,F20
1097,490,real,F20
1097,1090,real,F20
1098,930,real,F20
1098,600,real,F20
1098,820,real,F20
1099,950,real,F20
1099,1060,real,F20
1100,980,real,F20
1101,880,real,F18
1101,390,real,F18
1101,140,real,F18
1101,810,real,F18
1102,380,real,F20
1102,1080,real,F20
1103,910,real,F19
1103,110,real,F19
1103,880,real,F19
1103,460,real,F19
1104,790,real,F15
1105,400,real,F20
1105,210,real,F20
1105,590,real,F20
1105,1010,real,F20
1105,1050,real,F20
1106,1090,real,F20
1107,890,real,F20
1107,390,real,F20
1107,960,real,F20
1108,850,real,F19
1108,440,real,F19
1108,770,real,F19
1108,1030,real,F19
1109,1050,real,F20
1109,270,real,F20
1110,1030,real,F20
1110,540,real,F20
1110,750,real,F20
1111,880,real,F19
1112,340,real,F20
1112,1090,real,F20
1112,360,real,F20
1112,740,real,F20
1112,1000,real,F20
1113,400,real,F20
1113,1000,real,F20
1113,1070,real,F20
1114,690,real,F20
1114,430,real,F20
1114,190,real,F20
1115,380,real,F20
1115,860,real,F20
1116,550,real,F20
1117,310,real,F11
1117,600,real,F11
1117,170,real,F11
1117,530,real,F11
1117,490,real,F11
1118,320,real,F17
1118,640,real,F17
1118,980,real,F17
1118,830,real,F17
1119,770,real,F14
1119,610,real,F14
1119,710,real,F14
1120,880,real,F19
1120,480,real,F19
1121,500,real,F20
1121,990,real,F20
1121,830,real,F20
1121,790,real,F20
1122,850,real,F20
1122,170,real,F20
1123,770,real,F20
1123,890,real,F20
1123,750,real,F20
1123,780,real,F20
1123,190,real,F20
1124,280,real,F5
1125,140,real,F20
1125,770,real,F20
1125,900,real,F20
1125,730,real,F20
1126,350,real,F9
1127,580,real,F20
1127,430,real,F20
1127,850,real,F20
1127,520,real,F20
1128,850,real,F20
1128,260,real,F20
1128,100,real,F20
1128,470,real,F20
1129,1060,real,F20
1129,420,real,F20
1129,1000,real,F20
1130,470,real,F18
1130,980,real,F18
1130,510,real,F18
1130,960,real,F18
1130,410,real,F18
1131,170,real,F20
1131,1000,real,F20
1131,730,real,F20
1132,380,real,F19
1132,220,real,F19
1132,140,real,F19
1132,920,real,F19
1132,1050,real,F19
1133,610,real,F14
1133,740,real,F14
1134,600,real,F2
1134,300,real,F2
1134,250,real,F2
1134,920,real,F2
1134,740,real,F2
1135,990,real,F20
1135,390,real,F20
1135,450,real,F20
1135,590,real,F20
1135,620,real,F20
1136,400,real,F17
1136,470,real,F17
1136,870,real,F17
1137,160,real,F20
1137,290,real,F20
1137,720,real,F20
1137,860,real,F20
1138,600,real,F14
1138,750,real,F14
1138,770,real,F14
1138,780,real,F14
1139,890,real,F20
1139,320,real,F20
1139,520,real,F20
1139,530,real,F20
1140,720,real,F17
1140,410,real,F17
1140,850,real,F17
1141,390,real,F10
1142,600,real,F14
1142,440,real,F14
1142,650,real,F14
1142,720,real,F14
1143,870,real,F16
1143,200,real,F16
1143,690,real,F16
1143,180,real,F16
1144,890,real,F20
1144,110,real,F20
1144,210,real,F20
1144,1060,real,F20
1145,540,real,F11
1145,210,real,F11
1145,460,real,F11
1145,320,real,F11
1146,1080,real,F20
1146,220,real,F20
1147,650,real,F20
1147,910,real,F20
1147,880,real,F20
1147,280,real,F20
1148,850,real,F20
1148,380,real,F20
1149,370,real,F16
1149,860,real,F16
1150,570,real,F20
1150,330,real,F20
1150,730,real,F20
1151,1090,real,F20
1151,260,real,F20
1151,650,real,F20
1152,390,real,F20
1152,770,real,F20
1152,230,real,F20
1152,710,real,F20
1153,220,real,F20
1153,880,real,F20
1153,660,real,F20
1153,360,real,F20
1154,800,real,F20
1154,920,real,F20
1155,260,real,F20
1155,1000,real,F20
1155,490,real,F20
1155,250,real,F20
1155,830,real,F20
1156,1000,real,F20
1156,670,real,F20
1156,750,real,F20
1157,1020,real,F20
1157,900,real,F20
1158,110,real,F20
1158,600,real,F20
1158,580,real,F20
1158,750,real,F20
1158,130,real,F20
1159,160,real,F20
1159,890,real,F20
1159,1090,real,F20
1159,1030,real,F20
1159,190,real,F20
1160,440,real,F9
1160,360,real,F9
1161,170,real,F12
1161,660,real,F12
1161,670,real,F12
1161,410,real,F12
1161,160,real,F12
1162,770,real,F20
1162,180,real,F20
1162,870,real,F20
1162,640,real,F20
1162,990,real,F20
1163,970,real,F20
1163,140,real,F20
1163,200,real,F20
1164,590,real,F20
1164,300,real,F20
1164,840,real,F20
1164,580,real,F20
1165,330,real,F20
1165,380,real,F20
1165,120,real,F20
1165,610,real,F20
1165,1080,real,F20
1166,180,real,F17
1166,590,real,F17
1166,330,real,F17
1166,1010,real,F17
1166,460,real,F17
1167,920,real,F20
1167,160,real,F20
1167,380,real,F20
1167,260,real,F20
1167,960,real,F20
1168,190,real,F13
1168,220,real,F13
1168,750,real,F13
1169,280,real,F20
1169,440,real,F20
1169,100,real,F20
1169,630,real,F20
1169,570,real,F20
1170,1020,real,F20
1170,700,real,F20
1170,770,real,F20
1170,580,real,F20
1171,800,real,F15
1172,270,real,F20
1172,320,real,F20
1172,1070,real,F20
1172,1060,real,F20
1172,160,real,F20
1173,890,real,F20
1173,540,real,F20
1174,520,real,F18
1174,970,real,F18
1174,410,real,F18
1175,740,real,F19
1175,340,real,F19
1175,830,real,F19
1175,1020,real,F19
1176,590,real,F20
1176,700,real,F20
1176,670,real,F20
1176,880,real,F20
1177,990,real,F20
1177,230,real,F20
1177,750,real,F20
1177,1090,real,F20
1178,890,real,F20
1178,990,real,F20
1178,960,real,F20
1178,680,real,F20
1179,550,real,F13
1179,470,real,F13
1179,610,real,F13
1180,1020,real,F20
1180,760,real,F20
1180,710,real,F20
1181,230,real,F20
1181,300,real,F20
1181,920,real,F20
1181,110,real,F20
1181,680,real,F20
1182,830,real,F20
1182,1040,real,F20
1182,950,real,F20
1183,720,real,F20
1183,520,real,F20
1183,590,real,F20
1184,810,real,F20
1184,230,real,F20
1185,580,real,F20
1185,390,real,F20
1185,990,real,F20
1185,1030,real,F20
1185,600,real,F20
1186,830,real,F20
1186,130,real,F20
1186,230,real,F20
1186,720,real,F20
1187,320,real,F20
1187,540,real,F20
1187,710,real,F20
1187,260,real,F20
1188,1030,real,F20
1188,320,real,F20
1188,400,real,F20
1188,960,real,F20
1188,570,real,F20
1189,320,real,F20
1189,930,real,F20
1189,1090,real,F20
1189,1010,real,F20
1190,1000,real,F20
1190,330,real,F20
1190,710,real,F20
1190,360,real,F20
1191,530,real,F12
1192,530,real,F20
1192,760,real,F20
1192,420,real,F20
1192,600,real,F20
1193,330,real,F20
1193,1030,real,F20
1194,320,real,F14
1194,820,real,F14
1195,650,real,F20
1196,810,real,F20
1196,190,real,F20
1197,640,real,F20
1197,1080,real,F20
1197,450,real,F20
1197,560,real,F20
1197,670,real,F20
1198,580,real,F11
1198,370,real,F11
1199,940,real,F20
1199,250,real,F20
1199,630,real,F20
1200,360,real,F11
1200,460,real,F11
1200,370,real,F11
1200,430,real,F11
1201,890,real,F18
1201,1010,real,F18
1202,590,real,F10
1203,880,real,F17
1204,710,real,F19
1204,410,real,F19
1204,620,real,F19
1204,260,real,F19
1205,710,real,F13
1206,850,real,F20
1206,490,real,F20
1207,400,real,F20
1207,740,real,F20
1207,870,real,F20
1207,1060,real,F20
1208,100,real,F20
1208,750,real,F20
1208,810,real,F20
1209,990,real,F20
1210,970,real,F20
1210,150,real,F20
1210,270,real,F20
1211,630,real,F2
1212,630,real,F16
1212,760,real,F16
1212,340,real,F16
1212,550,real,F16
1212,480,real,F16
1213,300,real,F20
1213,510,real,F20
1213,740,real,F20
1213,730,real,F20
1213,1000,real,F20
1214,540,real,F15
1214,140,real,F15
1214,560,real,F15
1215,630,real,F12
1216,450,real,F20
1216,940,real,F20
1217,630,real,F20
1217,1030,real,F20
1217,1080,real,F20
1218,1020,real,F20
1218,560,real,F20
1218,470,real,F20
1219,340,real,F20
1219,190,real,F20
1219,240,real,F20
1219,710,real,F20
1219,590,real,F20
1220,900,real,F19
1220,1010,real,F19
1221,910,real,F20
1221,860,real,F20
1221,940,real,F20
1221,710,real,F20
1221,690,real,F20
1222,570,real,F20
1222,730,real,F20
1222,450,real,F20
1223,470,real,F20
1223,970,real,F20
1224,800,real,F15
1224,700,real,F15
1224,720,real,F15
1225,490,real,F20
1225,180,real,F20
1225,390,real,F20
1225,780,real,F20
1226,1000,real,F20
1226,310,real,F20
1226,380,real,F20
1226,1090,real,F20
1227,360,real,F20
1227,860,real,F20
1228,430,real,F17
1228,1010,real,F17
1228,910,real,F17
1228,620,real,F17
1229,1080,real,F20
1229,730,real,F20
1229,600,real,F20
1229,770,real,F20
1229,210,real,F20
1230,1090,real,F20
1231,780,real,F20
1231,750,real,F20
1231,960,real,F20
1231,330,real,F20
1231,370,real,F20
1232,730,real,F20
1233,550,real,F20
1233,360,real,F20
1233,950,real,F20
1234,950,real,F20
1234,520,real,F20
1234,800,real,F20
1234,260,real,F20
1235,550,real,F20
1235,1090,real,F20
1236,530,real,F20
1236,640,real,F20
1236,440,real,F20
1236,880,real,F20
1237,330,real,F20
1237,200,real,F20
1237,1090,real,F20
1238,550,real,F20
1238,1020,real,F20
1239,950,real,F20
1239,700,real,F20
1239,820,real,F20
1239,360,real,F20
1240,390,real,F20
1240,620,real,F20
1240,930,real,F20
1241,820,real,F20
1241,490,real,F20
1241,880,real,F20
1242,680,real,F20
1242,1010,real,F20
1242,600,real,F20
1243,820,real,F19
1243,100,real,F19
1243,550,real,F19
1243,1010,real,F19
1243,310,real,F19
1244,320,real,F20
1244,1040,real,F20
1244,800,real,F20
1244,870,real,F20
1245,740,real,F19
1245,940,real,F19
1245,330,real,F19
1245,110,real,F19
1246,690,real,F14
1247,160,real,F7
1248,310,real,F20
1248,800,real,F20
1248,1070,real,F20
1248,790,real,F20
1248,690,real,F20
1249,600,real,F15
1249,290,real,F15
1249,190,real,F15
1249,250,real,F15
1250,110,real,F20
1250,500,real,F20
1250,830,real,F20
1251,170,real,F20
1251,860,real,F20
1251,350,real,F20
1251,1060,real,F20
1251,910,real,F20
1252,530,real,F20
1252,960,real,F20
1252,820,real,F20
1252,160,real,F20
1252,920,real,F20
1253,980,real,F20
1254,110,real,F18
1254,210,real,F18
1254,940,real,F18
1254,1060,real,F18
1255,450,real,F18
1255,820,real,F18
1255,1090,real,F18
1255,240,real,F18
1256,200,real,F3
1257,240,real,F20
1257,560,real,F20
1258,100,real,F20
1258,240,real,F20
1258,840,real,F20
1258,250,real,F20
1259,500,real,F20
1259,880,real,F20
1259,890,real,F20
1259,750,real,F20
1260,840,real,F20
1260,590,real,F20
1261,950,real,F20
1262,680,real,F20
1262,220,real,F20
1262,1020,real,F20
1263,860,real,F20
1263,1070,real,F20
1264,810,real,F20
1264,610,real,F20
1265,610,real,F11
1266,860,real,F20
1266,170,real,F20
1267,950,real,F20
1267,200,real,F20
1267,330,real,F20
1268,520,real,F2
1268,410,real,F2
1268,960,real,F2
1268,250,real,F2
1268,1070,real,F2
1269,290,real,F20
1269,730,real,F20
1269,1060,real,F20
1269,980,real,F20
1270,250,real,F20
1270,820,real,F20
1271,320,real,F15
1272,180,real,F9
1273,760,real,F15
1273,310,real,F15
1273,740,real,F15
1273,250,real,F15
1274,790,real,F20
1274,770,real,F20
1274,200,real,F20
1275,250,real,F12
1275,520,real,F12
1275,600,real,F12
1275,530,real,F12
1275,670,real,F12
1276,880,real,F17
1276,630,real,F17
1276,340,real,F17
1276,840,real,F17
1276,360,real,F17
1277,860,real,F19
1277,540,real,F19
1277,760,real,F19
1277,180,real,F19
1277,510,real,F19
1278,260,real,F20
1278,980,real,F20
1278,450,real,F20
1278,770,real,F20
1278,950,real,F20
1279,440,real,F20
1279,920,real,F20
1280,630,real,F17
1280,820,real,F17
1280,790,real,F17
1280,800,real,F17
1281,790,real,F20
1281,320,real,F20
1281,700,real,F20
1281,970,real,F20
1282,1010,real,F20
1282,1090,real,F20
1282,780,real,F20
1283,460,real,F20
1283,620,real,F20
1283,830,real,F20
1284,160,real,F20
1284,310,real,F20
1284,690,real,F20
1284,740,real,F20
1284,700,real,F20
1285,850,real,F20
1286,310,real,F17
1286,1010,real,F17
1286,780,real,F17
1286,710,real,F17
1286,440,real,F17
1287,750,real,F20
1287,330,real,F20
1288,620,real,F11
1289,460,real,F20
1289,930,real,F20
1290,420,real,F8
1291,150,real,F20
1291,920,real,F20
1291,570,real,F20
1291,860,real,F20
1292,600,real,F13
1293,240,real,F13
1293,700,real,F13
1294,130,real,F3
1295,960,real,F20
1295,990,real,F20
1295,790,real,F20
1296,620,real,F12
1296,550,real,F12
1296,490,real,F12
1297,350,real,F17
1297,220,real,F17
1297,550,real,F17
1297,280,real,F17
1297,900,real,F17
1298,740,real,F20
1298,1040,real,F20
1298,570,real,F20
1298,950,real,F20
1298,140,real,F20
1299,870,real,F20
1299,680,real,F20
1300,860,real,F20
1301,770,real,F20
1301,350,real,F20
1301,950,real,F20
1302,250,real,F13
1302,450,real,F13
1302,590,real,F13
1302,210,real,F13
1302,470,real,F13
1303,1070,real,F20
1303,100,real,F20
1303,730,real,F20
1303,390,real,F20
1304,1080,real,F20
1304,640,real,F20
1305,620,real,F12
1305,280,real,F12
1306,260,real,F16
1306,100,real,F16
1306,890,real,F16
1306,600,real,F16
1307,490,real,F20
1307,360,real,F20
1307,1030,real,F20
1308,850,real,F20
1308,1080,real,F20
1309,400,real,F20
1309,140,real,F20
1309,300,real,F20
1309,860,real,F20
1310,190,real,F20
1310,290,real,F20
1310,380,real,F20
1310,1030,real,F20
1311,130,real,F18
1311,470,real,F18
1311,1050,real,F18
1311,610,real,F18
1311,500,real,F18
1312,840,real,F20
1312,630,real,F20
1312,210,real,F20
1312,120,real,F20
1312,430,real,F20
1313,880,real,F20
1313,970,real,F20
1313,520,real,F20
1313,730,real,F20
1314,280,real,F20
1314,860,real,F20
1314,100,real,F20
1314,270,real,F20
1314,1040,real,F20
1315,660,real,F20
1315,750,real,F20
1315,810,real,F20
1316,170,real,F17
1316,910,real,F17
1316,160,real,F17
1316,640,real,F17
1316,940,real,F17
1317,1040,real,F20
1317,180,real,F20
1318,470,real,F8
1318,280,real,F8
1318,350,real,F8
1319,410,real,F8
1319,110,real,F8
1320,320,real,F20
1320,810,real,F20
1320,880,real,F20
1320,1090,real,F20
1321,570,real,F13
1321,590,real,F13
1322,910,real,F20
1322,930,real,F20
1323,500,real,F20
1323,930,real,F20
1323,1060,real,F20
1323,170,real,F20
1324,620,real,F20
1324,940,real,F20
1325,1010,real,F20
1325,370,real,F20
1325,450,real,F20
1325,490,real,F20
1326,310,real,F1
1326,100,real,F1
1326,390,real,F1
1326,590,real,F1
1326,930,real,F1
1327,100,real,F20
1327,250,real,F20
1327,540,real,F20
1328,550,real,F20
1328,1040,real,F20
1328,470,real,F20
1329,910,real,F18
1330,250,real,F20
1330,660,real,F20
1331,130,real,F3
1332,170,real,F19
1332,1010,real,F19
1332,530,real,F19
1333,230,real,F19
1333,610,real,F19
1333,430,real,F19
1333,150,real,F19
1334,260,real,F20
1334,820,real,F20
1335,860,real,F20
1335,470,real,F20
1335,640,real,F20
1335,430,real,F20
1335,130,real,F20
1336,800,real,F20
1336,1010,real,F20
1337,290,real,F7
1337,220,real,F7
1337,320,real,F7
1338,190,real,F19
1338,270,real,F19
1338,870,real,F19
1338,210,real,F19
1339,610,real,F20
1339,910,real,F20
1339,450,real,F20
1340,300,real,F5
1341,380,real,F9
1341,410,real,F9
1342,430,real,F20
1342,500,real,F20
1342,740,real,F20
1342,280,real,F20
1343,580,real,F20
1343,590,real,F20
1343,650,real,F20
1344,380,real,F20
1344,580,real,F20
1344,430,real,F20
1345,890,real,F20
1345,710,real,F20
1345,420,real,F20
1346,970,real,F20
1347,160,real,F20
1347,430,real,F20
1347,1030,real,F20
1347,580,real,F20
1348,400,real,F20
1348,940,real,F20
1348,200,real,F20
1349,890,real,F16
1349,850,real,F16
1349,220,real,F16
1350,410,real,F13
1350,490,real,F13
1350,420,real,F13
1351,400,real,F7
1352,1090,real,F20
1352,1030,real,F20
1352,670,real,F20
1353,330,real,F9
1354,890,real,F20
1354,370,real,F20
1354,940,real,F20
1354,400,real,F20
1354,390,real,F20
1355,490,real,F13
1355,680,real,F13
1355,670,real,F13
1355,770,real,F13
1356,750,real,F15
1357,440,real,F20
1357,710,real,F20
1357,1090,real,F20
1357,1030,real,F20
1358,1010,real,F20
1358,460,real,F20
1358,340,real,F20
1358,150,real,F20
1359,190,real,F20
1359,630,real,F20
1359,780,real,F20
1359,490,real,F20
1359,750,real,F20
1360,760,real,F20
1360,520,real,F20
1360,960,real,F20
1361,710,real,F20
1361,540,real,F20
1361,770,real,F20
1361,250,real,F20
1361,470,real,F20
1362,150,real,F20
1362,520,real,F20
1362,870,real,F20
1363,400,real,F19
1363,350,real,F19
1363,660,real,F19
1363,530,real,F19
1363,940,real,F19
1364,1050,real,F20
1364,740,real,F20
1364,490,real,F20
1365,720,real,F16
1365,460,real,F16
1366,530,real,F17
1367,620,real,F12
1368,980,real,F20
1368,560,real,F20
1368,440,real,F20
1369,840,real,F20
1369,820,real,F20
1369,1050,real,F20
1369,250,real,F20
1369,750,real,F20
1370,820,real,F17
1370,490,real,F17
1370,530,real,F17
1370,590,real,F17
1371,990,real,F20
1371,1050,real,F20
1371,510,real,F20
1371,660,real,F20
1372,500,real,F20
1372,940,real,F20
1372,610,real,F20
1372,470,real,F20
1373,1020,real,F19
1373,1060,real,F19
1373,1040,real,F19
1373,110,real,F19
1374,1080,real,F20
1374,690,real,F20
1374,700,real,F20
1374,780,real,F20
1374,1040,real,F20
1375,530,real,F12
1376,430,real,F20
1376,1000,real,F20
1376,150,real,F20
1376,980,real,F20
1377,870,real,F20
1377,820,real,F20
1377,1090,real,F20
1378,450,real,F12
1378,370,real,F12
1378,550,real,F12
1378,240,real,F12
1379,200,real,F3
1379,140,real,F3
1380,190,real,F5
1381,320,real,F20
1381,580,real,F20
1381,1070,real,F20
1381,100,real,F20
1382,490,real,F15
1382,810,real,F15
1382,140,real,F15
1382,530,real,F15
1383,910,real,F20
1383,470,real,F20
1383,220,real,F20
1383,540,real,F20
1383,110,real,F20
1384,710,real,F15
1385,290,real,F20
1385,670,real,F20
1385,230,real,F20
1386,350,real,F9
1386,380,real,F9
1387,380,real,F20
1387,820,real,F20
1388,150,real,F20
1388,670,real,F20
1388,920,real,F20
1388,1030,real,F20
1389,170,real,F20
1389,990,real,F20
1389,180,real,F20
1389,130,real,F20
1389,140,real,F20
1390,900,real,F20
1390,720,real,F20
1390,340,real,F20
1390,390,real,F20
1390,610,real,F20
1391,160,real,F19
1391,100,real,F19
1391,550,real,F19
1391,170,real,F19
1391,910,real,F19
1392,170,real,F18
1392,310,real,F18
1392,960,real,F18
1392,280,real,F18
1393,700,real,F18
1393,900,real,F18
1393,570,real,F18
1393,180,real,F18
1393,910,real,F18
1394,340,real,F20
1394,630,real,F20
1394,150,real,F20
1394,300,real,F20
1394,780,real,F20
1395,530,real,F10
1395,470,real,F10
1396,350,real,F20
1396,340,real,F20
1396,140,real,F20
1396,970,real,F20
1396,690,real,F20
1397,210,real,F20
1397,330,real,F20
1397,920,real,F20
1398,210,real,F5
1399,870,real,F20
1399,590,real,F20
1399,750,real,F20
1399,210,real,F20
1399,790,real,F20
1400,500,real,F13
1400,420,real,F13
1401,740,real,F20
1401,260,real,F20
1401,920,real,F20
1401,640,real,F20
1402,690,real,F20
1402,1010,real,F20
1402,790,real,F20
1402,1080,real,F20
1403,740,real,F20
1404,760,real,F14
1404,610,real,F14
1404,310,real,F14
1405,380,real,F20
1405,860,real,F20
1405,340,real,F20
1406,940,real,F20
1406,370,real,F20
1407,940,real,F20
1408,390,real,F9
1408,210,real,F9
1409,900,real,F20
1409,260,real,F20
1410,1030,real,F20
1410,150,real,F20
1410,380,real,F20
1410,900,real,F20
1410,400,real,F20
1411,590,real,F19
1411,910,real,F19
1411,970,real,F19
1412,1010,real,F20
1412,740,real,F20
1412,490,real,F20
1412,380,real,F20
1412,350,real,F20
1413,650,real,F20
1414,1050,real,F20
1415,990,real,F20
1415,640,real,F20
1415,350,real,F20
1415,980,real,F20
1415,260,real,F20
1416,190,real,F20
1416,780,real,F20
1416,290,real,F20
1416,660,real,F20
1416,510,real,F20
1417,670,real,F20
1418,530,real,F15
1418,780,real,F15
1418,290,real,F15
1418,490,real,F15
1418,680,real,F15
1419,350,real,F20
1419,450,real,F20
1419,330,real,F20
1419,320,real,F20
1419,950,real,F20
1420,350,real,F15
1420,840,real,F15
1420,260,real,F15
1421,470,real,F11
1421,110,real,F11
1422,910,simulated,F20
1423,880,simulated,F20
1423,1000,simulated,F20
1423,220,simulated,F20
1424,500,simulated,F20
1425,190,simulated,F20
1425,1010,simulated,F20
1425,800,simulated,F20
1426,180,simulated,F20
1426,590,simulated,F20
1426,900,simulated,F20
1426,330,simulated,F20
1427,170,simulated,F9
1428,130,simulated,F4
1429,410,simulated,F20
1429,270,simulated,F20
1430,980,simulated,F20
1431,980,simulated,F20
1431,460,simulated,F20
1431,160,simulated,F20
1431,390,simulated,F20
1432,450,simulated,F8
1433,260,simulated,F9
1433,440,simulated,F9
1433,380,simulated,F9
1434,400,simulated,F20
1434,970,simulated,F20
1434,720,simulated,F20
1435,320,simulated,F20
1435,810,simulated,F20
1435,250,simulated,F20
1435,1080,simulated,F20
1435,1040,simulated,F20
1436,290,simulated,F18
1436,880,simulated,F18
1436,140,simulated,F18
1436,450,simulated,F18
1436,270,simulated,F18
1437,400,simulated,F15
1437,620,simulated,F15
1437,740,simulated,F15
1437,680,simulated,F15
1437,500,simulated,F15
1438,880,simulated,F20
1439,280,simulated,F16
1439,910,simulated,F16
1439,220,simulated,F16
1440,340,simulated,F20
1440,940,simulated,F20
1441,210,simulated,F20
1441,800,simulated,F20
1441,290,simulated,F20
1442,540,simulated,F13
1442,120,simulated,F13
1442,290,simulated,F13
1442,490,simulated,F13
1443,1050,simulated,F20
1443,230,simulated,F20
1443,790,simulated,F20
1443,730,simulated,F20
1444,250,simulated,F20
1444,830,simulated,F20
1445,530,simulated,F2
1445,480,simulated,F2
1445,1070,simulated,F2
1445,690,simulated,F2
1445,630,simulated,F2
1446,640,simulated,F12
1446,340,simulated,F12
1447,190,simulated,F9
1448,1060,simulated,F20
1448,460,simulated,F20
1448,1020,simulated,F20
1448,280,simulated,F20
1449,210,simulated,F20
1449,730,simulated,F20
1449,650,simulated,F20
1449,140,simulated,F20
1449,280,simulated,F20
1450,410,simulated,F11
1450,550,simulated,F11
1451,160,simulated,F12
1451,610,simulated,F12
1451,280,simulated,F12
1451,490,simulated,F12
1452,250,simulated,F17
1452,860,simulated,F17
1453,1030,simulated,F18
1453,160,simulated,F18
1454,160,simulated,F10
1454,450,simulated,F10
1455,1000,simulated,F20
1455,580,simulated,F20
1455,200,simulated,F20
1455,750,simulated,F20
1456,810,simulated,F15
1456,530,simulated,F15
1457,140,simulated,F7
1458,660,simulated,F20
1458,1060,simulated,F20
1459,110,simulated,F20
1459,1080,simulated,F20
1460,920,simulated,F20
1460,300,simulated,F20
1460,500,simulated,F20
1460,830,simulated,F20
1461,720,simulated,F14
1461,730,simulated,F14
1462,580,simulated,F17
1462,850,simulated,F17
1462,130,simulated,F17
1462,180,simulated,F17
1462,240,simulated,F17
1463,320,simulated,F20
1463,1000,simulated,F20
1463,940,simulated,F20
1463,780,simulated,F20
1464,550,simulated,F20
1464,630,simulated,F20
1465,790,simulated,F20
1466,340,simulated,F6
1466,160,simulated,F6
1467,370,simulated,F20
1467,540,simulated,F20
1467,1050,simulated,F20
1467,310,simulated,F20
1467,250,simulated,F20
1468,550,simulated,F20
1468,680,simulated,F20
1468,320,simulated,F20
1468,840,simulated,F20
1469,700,simulated,F20
1469,1090,simulated,F20
1469,720,simulated,F20
1469,880,simulated,F20
1470,900,simulated,F17
1470,350,simulated,F17
1470,390,simulated,F17
1471,1020,simulated,F20
1472,600,simulated,F20
1473,1010,simulated,F20
1473,1060,simulated,F20
1473,590,simulated,F20
1473,150,simulated,F20
1474,680,simulated,F16
1474,110,simulated,F16
1474,790,simulated,F16
1475,940,simulated,F20
1475,600,simulated,F20
1475,1060,simulated,F20
1475,810,simulated,F20
1475,240,simulated,F20
1476,970,simulated,F20
1476,410,simulated,F20
1476,860,simulated,F20
1477,520,simulated,F16
1477,180,simulated,F16
1477,560,simulated,F16
1477,700,simulated,F16
1478,540,simulated,F20
1479,750,simulated,F13
1479,220,simulated,F13
1479,320,simulated,F13
1479,120,simulated,F13
1479,730,simulated,F13
1480,600,simulated,F14
1480,230,simulated,F14
1480,580,simulated,F14
1481,130,simulated,F16
1481,780,simulated,F16
1482,390,simulated,F16
1482,510,simulated,F16
1482,350,simulated,F16
1482,230,simulated,F16
1483,570,simulated,F15
1483,770,simulated,F15
1483,730,simulated,F15
1483,500,simulated,F15
1483,710,simulated,F15
1484,380,simulated,F7
1484,330,simulated,F7
1485,490,simulated,F19
1485,280,simulated,F19
1485,960,simulated,F19
1485,740,simulated,F19
1485,920,simulated,F19
1486,430,simulated,F20
1486,300,simulated,F20
1486,780,simulated,F20
1486,250,simulated,F20
1487,650,simulated,F12
1488,440,simulated,F20
1488,790,simulated,F20
1489,720,simulated,F15
1489,150,simulated,F15
1490,810,simulated,F20
1490,670,simulated,F20
1490,350,simulated,F20
1490,620,simulated,F20
1490,1080,simulated,F20
1491,810,simulated,F20
1491,890,simulated,F20
1491,910,simulated,F20
1491,990,simulated,F20
1492,1080,simulated,F20
1492,1040,simulated,F20
1492,460,simulated,F20
1492,170,simulated,F20
1492,870,simulated,F20
1493,460,simulated,F20
1493,510,simulated,F20
1493,780,simulated,F20
1493,280,simulated,F20
1494,430,simulated,F7
1495,810,simulated,F20
1496,700,simulated,F20
1496,340,simulated,F20
1497,960,simulated,F17
1497,800,simulated,F17
1497,480,simulated,F17
1497,260,simulated,F17
1497,1010,simulated,F17
1498,100,simulated,F20
1498,230,simulated,F20
1498,950,simulated,F20
1499,190,simulated,F11
1499,470,simulated,F11
1500,790,simulated,F20
1500,710,simulated,F20
1500,570,simulated,F20
1501,640,simulated,F14
1501,760,simulated,F14
1501,680,simulated,F14
1501,710,simulated,F14
1501,310,simulated,F14
1502,310,simulated,F20
1502,830,simulated,F20
1502,900,simulated,F20
1503,700,simulated,F20
1503,210,simulated,F20
1503,830,simulated,F20
1504,1060,simulated,F20
1504,1010,simulated,F20
1505,980,simulated,F20
1505,890,simulated,F20
1505,240,simulated,F20
1506,530,simulated,F20
1507,380,simulated,F18
1507,960,simulated,F18
1507,330,simulated,F18
1507,770,simulated,F18
1508,270,simulated,F20
1508,140,simulated,F20
1508,860,simulated,F20
1509,450,simulated,F20
1509,870,simulated,F20
1510,850,simulated,F20
1511,820,simulated,F15
1511,660,simulated,F15
1512,210,simulated,F20
1512,690,simulated,F20
1512,1000,simulated,F20
1512,800,simulated,F20
1513,630,simulated,F16
1514,1080,simulated,F20
1514,210,simulated,F20
1515,140,simulated,F4
1516,290,simulated,F20
1516,410,simulated,F20
1516,1040,simulated,F20
1517,440,simulated,F20
1517,970,simulated,F20
1517,390,simulated,F20
1518,680,simulated,F20
1518,280,simulated,F20
1518,1060,simulated,F20
1518,940,simulated,F20
1518,120,simulated,F20
1519,520,simulated,F20
1520,410,simulated,F7
1521,350,simulated,F20
1521,1080,simulated,F20
1521,750,simulated,F20
1521,290,simulated,F20
1521,900,simulated,F20
1522,410,simulated,F12
1522,650,simulated,F12
1523,640,simulated,F20
1524,380,simulated,F20
1524,310,simulated,F20
1524,730,simulated,F20
1524,550,simulated,F20
1524,470,simulated,F20
1525,310,simulated,F8
1525,430,simulated,F8
1525,460,simulated,F8
1526,750,simulated,F20
1526,800,simulated,F20
1526,150,simulated,F20
1526,1060,simulated,F20
1527,940,simulated,F20
1527,960,simulated,F20
1528,780,simulated,F18
1528,760,simulated,F18
1528,740,simulated,F18
1529,800,simulated,F20
1529,880,simulated,F20
1530,480,simulated,F20
1530,220,simulated,F20
1531,100,simulated,F20
1531,520,simulated,F20
1531,1010,simulated,F20
1532,230,simulated,F7
1533,160,simulated,F5
1534,390,simulated,F8
1534,290,simulated,F8
1535,550,simulated,F10
1535,600,simulated,F10
1535,270,simulated,F10
1535,570,simulated,F10
1535,580,simulated,F10
1536,540,simulated,F12
1537,800,simulated,F20
1537,730,simulated,F20
1537,120,simulated,F20
1537,260,simulated,F20
1538,310,simulated,F16
1538,560,simulated,F16
1539,820,simulated,F17
1539,650,simulated,F17
1539,240,simulated,F17
1539,440,simulated,F17
1540,910,simulated,F19
1540,750,simulated,F19
1540,780,simulated,F19
1541,300,simulated,F6
1542,670,simulated,F20
1542,350,simulated,F20
1542,1040,simulated,F20
1543,170,simulated,F11
1543,200,simulated,F11
1543,610,simulated,F11
1543,240,simulated,F11
1544,770,simulated,F16
1544,810,simulated,F16
1545,420,simulated,F18
1545,960,simulated,F18
1545,340,simulated,F18
1546,680,simulated,F20
1546,1030,simulated,F20
1547,200,simulated,F20
1547,1040,simulated,F20
1547,160,simulated,F20
1548,890,simulated,F20
1549,310,simulated,F16
1550,210,simulated,F20
1550,960,simulated,F20
1550,1000,simulated,F20
1550,420,simulated,F20
1551,270,simulated,F20
1551,420,simulated,F20
1551,770,simulated,F20
1551,1050,simulated,F20
1551,980,simulated,F20
1552,190,simulated,F20
1552,1070,simulated,F20
1552,480,simulated,F20
1552,760,simulated,F20
1552,740,simulated,F20
1553,680,simulated,F2
1553,410,simulated,F2
1553,820,simulated,F2
1553,260,simulated,F2
1553,1000,simulated,F2
1554,720,simulated,F13
1554,370,simulated,F13
1555,530,simulated,F20
1555,850,simulated,F20
1556,430,simulated,F20
1556,990,simulated,F20
1556,570,simulated,F20
1556,650,simulated,F20
1556,550,simulated,F20
1557,180,simulated,F20
1557,760,simulated,F20
1557,200,simulated,F20
1558,1010,simulated,F20
1559,170,simulated,F8
1559,210,simulated,F8
1559,390,simulated,F8
1559,340,simulated,F8
1560,190,simulated,F20
1561,880,simulated,F20
1561,450,simulated,F20
1561,750,simulated,F20
1561,470,simulated,F20
1561,330,simulated,F20
1562,700,simulated,F20
1562,800,simulated,F20
1562,430,simulated,F20
1562,730,simulated,F20
1563,150,simulated,F20
1563,540,simulated,F20
1564,390,simulated,F17
1564,990,simulated,F17
1565,600,simulated,F20
1565,630,simulated,F20
1565,760,simulated,F20
1565,330,simulated,F20
1565,830,simulated,F20
1566,190,simulated,F20
1566,930,simulated,F20
1566,290,simulated,F20
1567,1030,simulated,F20
1568,620,simulated,F18
1568,790,simulated,F18
1568,900,simulated,F18
1568,380,simulated,F18
1568,820,simulated,F18
1569,480,simulated,F17
1569,550,simulated,F17
1569,940,simulated,F17
1569,920,simulated,F17
1570,670,simulated,F14
1571,160,simulated,F20
1571,220,simulated,F20
1571,1090,simulated,F20
1572,420,simulated,F20
1572,1010,simulated,F20
1572,380,simulated,F20
1572,150,simulated,F20
1573,420,simulated,F20
1574,330,simulated,F20
1575,610,simulated,F20
1576,580,simulated,F20
1576,460,simulated,F20
1576,410,simulated,F20
1576,360,simulated,F20
1576,1050,simulated,F20
1577,910,simulated,F20
1577,520,simulated,F20
1578,320,simulated,F8
1579,480,simulated,F8
1580,190,simulated,F20
1580,220,simulated,F20
1580,1010,simulated,F20
1581,150,simulated,F20
1581,510,simulated,F20
1581,900,simulated,F20
1581,850,simulated,F20
1582,1050,simulated,F20
1582,720,simulated,F20
1582,480,simulated,F20
1583,380,simulated,F14
1583,620,simulated,F14
1584,950,simulated,F20
1584,110,simulated,F20
1584,750,simulated,F20
1584,850,simulated,F20
1584,650,simulated,F20
1585,200,simulated,F17
1585,920,simulated,F17
1586,420,simulated,F8
1587,340,simulated,F20
1587,780,simulated,F20
1588,1020,simulated,F20
1589,130,simulated,F20
1589,120,simulated,F20
1589,550,simulated,F20
1589,800,simulated,F20
1590,690,simulated,F14
1591,900,simulated,F16
1591,560,simulated,F16
1592,760,simulated,F14
1592,330,simulated,F14
1593,400,simulated,F20
1593,210,simulated,F20
1593,940,simulated,F20
1593,930,simulated,F20
1593,840,simulated,F20
1594,700,simulated,F20
1594,460,simulated,F20
1595,420,simulated,F8
1596,260,simulated,F20
1596,530,simulated,F20
1596,710,simulated,F20
1597,170,simulated,F20
1597,860,simulated,F20
1598,380,simulated,F7
1599,880,simulated,F20
1599,1070,simulated,F20
1599,300,simulated,F20
1599,140,simulated,F20
1600,560,simulated,F16
1600,870,simulated,F16
1600,880,simulated,F16
1601,430,simulated,F20
1601,950,simulated,F20
1602,470,simulated,F20
1602,350,simulated,F20
1603,430,simulated,F19
1603,930,simulated,F19
1603,610,simulated,F19
1603,140,simulated,F19
1603,820,simulated,F19
1604,630,simulated,F13
1604,370,simulated,F13
1605,230,simulated,F4
1606,760,simulated,F20
1606,920,simulated,F20
1606,600,simulated,F20
1607,1050,simulated,F20
1607,570,simulated,F20
1607,970,simulated,F20
1607,660,simulated,F20
1607,610,simulated,F20
1608,780,simulated,F20
1608,290,simulated,F20
1608,570,simulated,F20
1609,450,simulated,F20
1609,910,simulated,F20
1609,580,simulated,F20
1609,510,simulated,F20
1610,520,simulated,F14
1610,130,simulated,F14
1611,780,simulated,F14
1611,380,simulated,F14
1611,720,simulated,F14
1611,730,simulated,F14
1612,190,simulated,F20
1612,920,simulated,F20
1612,710,simulated,F20
1612,870,simulated,F20
1612,150,simulated,F20
1613,130,simulated,F20
1613,150,simulated,F20
1613,270,simulated,F20
1613,880,simulated,F20
1613,780,simulated,F20
1614,650,simulated,F12
1614,630,simulated,F12
1614,290,simulated,F12
1615,290,simulated,F10
1616,790,simulated,F14
1617,870,simulated,F20
1617,120,simulated,F20
1617,580,simulated,F20
1617,160,simulated,F20
1618,890,simulated,F20
1618,780,simulated,F20
1618,1040,simulated,F20
1619,330,simulated,F20
1619,140,simulated,F20
1619,680,simulated,F20
1619,370,simulated,F20
1619,180,simulated,F20
1620,540,simulated,F20
1620,940,simulated,F20
1620,730,simulated,F20
1620,260,simulated,F20
1621,290,simulated,F20
1621,880,simulated,F20
1621,970,simulated,F20
1622,720,simulated,F20
1622,900,simulated,F20
1622,600,simulated,F20
1623,1090,simulated,F20
1623,720,simulated,F20
1624,1070,simulated,F20
1625,640,simulated,F20
1625,370,simulated,F20
1625,110,simulated,F20
1625,620,simulated,F20
1625,630,simulated,F20
1626,1060,simulated,F20
1626,370,simulated,F20
1626,770,simulated,F20
1626,240,simulated,F20
1627,1010,simulated,F18
1627,860,simulated,F18
1628,270,simulated,F20
1628,710,simulated,F20
1628,860,simulated,F20
1628,470,simulated,F20
1629,910,simulated,F20
1630,470,simulated,F20
1630,700,simulated,F20
1630,460,simulated,F20
1630,680,simulated,F20
1631,480,simulated,F15
1631,630,simulated,F15
1631,830,simulated,F15
1632,950,simulated,F20
1632,780,simulated,F20
1633,780,simulated,F20
1633,940,simulated,F20
1633,200,simulated,F20
1634,450,simulated,F20
1634,580,simulated,F20
1634,1040,simulated,F20
1634,530,simulated,F20
1635,920,simulated,F1
1636,910,simulated,F20
1636,260,simulated,F20
1636,680,simulated,F20
1636,610,simulated,F20
1637,250,simulated,F5
1638,470,simulated,F20
1638,370,simulated,F20
1638,750,simulated,F20
1638,800,simulated,F20
1639,830,simulated,F20
1640,930,simulated,F20
1641,960,simulated,F20
1641,700,simulated,F20
1641,920,simulated,F20
1641,280,simulated,F20
1642,430,simulated,F20
1642,1010,simulated,F20
1642,650,simulated,F20
1642,520,simulated,F20
1642,340,simulated,F20
1643,700,simulated,F20
1643,820,simulated,F20
1643,750,simulated,F20
1643,1080,simulated,F20
1644,250,simulated,F6
1645,940,simulated,F20
1646,830,simulated,F20
1646,310,simulated,F20
1646,260,simulated,F20
1646,510,simulated,F20
1647,730,simulated,F20
1647,350,simulated,F20
1648,430,simulated,F14
1648,480,simulated,F14
1649,870,simulated,F20
1649,910,simulated,F20
1649,830,simulated,F20
1649,420,simulated,F20
1649,270,simulated,F20
1650,960,simulated,F20
1650,690,simulated,F20
1650,620,simulated,F20
1650,460,simulated,F20
1651,940,simulated,F20
1651,600,simulated,F20
1651,200,simulated,F20
1652,940,simulated,F17
1652,860,simulated,F17
1652,510,simulated,F17
1652,740,simulated,F17
1653,100,simulated,F20
1654,1090,simulated,F18
1654,1040,simulated,F18
1655,620,simulated,F20
1655,1070,simulated,F20
1655,320,simulated,F20
1655,380,simulated,F20
1655,830,simulated,F20
1656,540,simulated,F20
1656,1050,simulated,F20
1656,640,simulated,F20
1656,620,simulated,F20
1656,410,simulated,F20
1657,730,simulated,F20
1657,770,simulated,F20
1657,180,simulated,F20
1657,940,simulated,F20
1658,980,simulated,F17
1658,280,simulated,F17
1659,190,simulated,F16
1659,900,simulated,F16
1659,200,simulated,F16
1660,620,simulated,F20
1660,760,simulated,F20
1660,140,simulated,F20
1660,990,simulated,F20
1660,610,simulated,F20
1661,400,simulated,F14
1661,110,simulated,F14
1662,130,simulated,F20
1662,930,simulated,F20
1662,360,simulated,F20
1662,280,simulated,F20
1663,600,simulated,F20
1663,690,simulated,F20
1664,950,simulated,F20
1664,730,simulated,F20
1664,480,simulated,F20
1665,780,simulated,F15
1665,550,simulated,F15
1665,670,simulated,F15
1665,320,simulated,F15
1666,200,simulated,F20
1666,990,simulated,F20
1666,190,simulated,F20
1666,880,simulated,F20
1667,690,simulated,F17
1667,910,simulated,F17
1667,370,simulated,F17
1667,400,simulated,F17
1667,610,simulated,F17
1668,1040,simulated,F20
1668,320,simulated,F20
1669,1030,simulated,F19
1669,320,simulated,F19
1669,630,simulated,F19
1670,980,simulated,F20
1670,1040,simulated,F20
1670,580,simulated,F20
1670,660,simulated,F20
1670,140,simulated,F20
1671,410,simulated,F20
1671,930,simulated,F20
1672,400,simulated,F20
1672,660,simulated,F20
1673,1070,simulated,F20
1673,670,simulated,F20
1673,440,simulated,F20
1673,620,simulated,F20
1673,140,simulated,F20
1674,1020,simulated,F20
1674,620,simulated,F20
1674,820,simulated,F20
1674,700,simulated,F20
1674,770,simulated,F20
1675,1050,simulated,F20
1675,420,simulated,F20
1675,890,simulated,F20
1675,920,simulated,F20
1675,300,simulated,F20
1676,280,simulated,F20
1676,400,simulated,F20
1676,900,simulated,F20
1677,940,simulated,F17
1677,220,simulated,F17
1677,370,simulated,F17
1677,360,simulated,F17
1678,570,simulated,F20
1678,1000,simulated,F20
1678,660,simulated,F20
1678,470,simulated,F20
1678,310,simulated,F20
1679,410,simulated,F8
1680,500,simulated,F20
1680,750,simulated,F20
1680,550,simulated,F20
1681,480,simulated,F9
1681,160,simulated,F9
1682,1070,simulated,F20
1683,640,simulated,F17
1683,540,simulated,F17
1683,770,simulated,F17
1684,1050,simulated,F20
1685,250,simulated,F20
1685,400,simulated,F20
1685,880,simulated,F20
1686,660,simulated,F15
1686,500,simulated,F15
1686,190,simulated,F15
1687,870,simulated,F18
1687,430,simulated,F18
1687,1060,simulated,F18
1688,420,simulated,F8
1689,810,simulated,F20
1690,1090,simulated,F20
1691,430,simulated,F20
1691,880,simulated,F20
1691,570,simulated,F20
1692,1060,simulated,F20
1692,930,simulated,F20
1692,440,simulated,F20
1692,230,simulated,F20
1693,770,simulated,F20
1693,320,simulated,F20
1693,260,simulated,F20
1694,130,simulated,F10
1694,590,simulated,F10
1695,310,simulated,F20
1695,820,simulated,F20
1696,930,simulated,F20
1696,890,simulated,F20
1697,610,simulated,F20
1697,910,simulated,F20
1697,290,simulated,F20
1697,650,simulated,F20
1697,520,simulated,F20
1698,670,simulated,F20
1699,1020,simulated,F20
1699,660,simulated,F20
1699,820,simulated,F20
1700,620,simulated,F20
1700,180,simulated,F20
1700,170,simulated,F20
1700,430,simulated,F20
1700,490,simulated,F20
1701,860,simulated,F20
1701,110,simulated,F20
1701,930,simulated,F20
1702,570,simulated,F19
1702,700,simulated,F19
1702,760,simulated,F19
1703,100,simulated,F11
1703,570,simulated,F11
1703,230,simulated,F11
1704,930,simulated,F20
1704,340,simulated,F20
1704,690,simulated,F20
1704,1090,simulated,F20
1705,890,simulated,F19
1705,650,simulated,F19
1705,260,simulated,F19
1706,1070,simulated,F20
1706,240,simulated,F20
1706,420,simulated,F20
1707,130,simulated,F12
1707,380,simulated,F12
1707,640,simulated,F12
1708,1020,simulated,F1
1708,920,simulated,F1
1708,490,simulated,F1
1708,560,simulated,F1
1708,1030,simulated,F1
1709,750,simulated,F20
1709,560,simulated,F20
1709,610,simulated,F20
1710,390,simulated,F20
1710,900,simulated,F20
1710,240,simulated,F20
1710,1020,simulated,F20
1711,750,simulated,F20
1711,420,simulated,F20
1712,860,simulated,F20
1712,340,simulated,F20
1712,980,simulated,F20
1713,1020,simulated,F20
1713,830,simulated,F20
1713,710,simulated,F20
1714,960,simulated,F20
1715,550,simulated,F18
1715,1020,simulated,F18
1716,1080,simulated,F20
1716,150,simulated,F20
1716,200,simulated,F20
1716,910,simulated,F20
1717,990,simulated,F19
1717,600,simulated,F19
1717,870,simulated,F19
1717,100,simulated,F19
1717,130,simulated,F19
1718,1000,simulated,F17
1718,210,simulated,F17
1718,860,simulated,F17
1718,960,simulated,F17
1718,840,simulated,F17
1719,990,simulated,F20
1719,480,simulated,F20
1720,140,simulated,F20
1720,840,simulated,F20
1720,410,simulated,F20
1720,420,simulated,F20
1720,1070,simulated,F20
1721,640,simulated,F20
1721,830,simulated,F20
1721,850,simulated,F20
1721,120,simulated,F20
1722,560,simulated,F20
1722,370,simulated,F20
1722,670,simulated,F20
1723,600,simulated,F15
1723,430,simulated,F15
1724,280,simulated,F20
1724,860,simulated,F20
1724,900,simulated,F20
1724,350,simulated,F20
1725,440,simulated,F20
1725,700,simulated,F20
1725,720,simulated,F20
1725,690,simulated,F20
1726,1070,simulated,F20
1727,840,simulated,F20
1727,960,simulated,F20
1728,720,simulated,F20
1728,950,simulated,F20
1728,180,simulated,F20
1728,870,simulated,F20
1728,1000,simulated,F20
1729,760,simulated,F15
1730,190,simulated,F18
1730,470,simulated,F18
1730,350,simulated,F18
1730,690,simulated,F18
1731,190,simulated,F20
1731,980,simulated,F20
1731,820,simulated,F20
1732,690,simulated,F14
1732,480,simulated,F14
1733,480,simulated,F20
1733,880,simulated,F20
1733,900,simulated,F20
1733,200,simulated,F20
1733,990,simulated,F20
1734,210,simulated,F9
1735,1070,simulated,F18
1736,240,simulated,F18
1736,1090,simulated,F18
1736,750,simulated,F18
1736,1010,simulated,F18
1737,500,simulated,F20
1737,830,simulated,F20
1737,860,simulated,F20
1738,170,simulated,F18
1738,880,simulated,F18
1738,1000,simulated,F18
1738,250,simulated,F18
1738,800,simulated,F18
1739,480,simulated,F20
1739,470,simulated,F20
1739,890,simulated,F20
1739,560,simulated,F20
1739,190,simulated,F20
1740,180,simulated,F4
1741,900,simulated,F20
1741,650,simulated,F20
1741,590,simulated,F20
1741,890,simulated,F20
1741,260,simulated,F20
1742,960,simulated,F20
1742,850,simulated,F20
1742,790,simulated,F20
1742,370,simulated,F20
1743,820,simulated,F15
1744,200,simulated,F20
1744,990,simulated,F20
1744,630,simulated,F20
1745,600,simulated,F13
1745,690,simulated,F13
1745,430,simulated,F13
1745,440,simulated,F13
1745,350,simulated,F13
1746,390,simulated,F19
1746,710,simulated,F19
1746,880,simulated,F19
1746,110,simulated,F19
1746,170,simulated,F19
1747,190,simulated,F14
1747,550,simulated,F14
1747,660,simulated,F14
1748,1050,simulated,F20
1748,560,simulated,F20
1749,290,simulated,F6
1749,300,simulated,F6
1750,270,simulated,F20
1750,360,simulated,F20
1750,1000,simulated,F20
1750,290,simulated,F20
1751,620,simulated,F20
1751,880,simulated,F20
1751,100,simulated,F20
1751,180,simulated,F20
1752,110,simulated,F20
1752,910,simulated,F20
1752,760,simulated,F20
1752,840,simulated,F20
1753,170,simulated,F20
1753,880,simulated,F20
1753,180,simulated,F20
1753,960,simulated,F20
1754,900,simulated,F20
1754,290,simulated,F20
1755,970,simulated,F20
1755,300,simulated,F20
1755,1050,simulated,F20
1756,390,simulated,F9
1757,710,simulated,F20
1758,1030,simulated,F20
1759,1070,simulated,F20
1759,650,simulated,F20
1759,950,simulated,F20
1759,480,simulated,F20
1760,370,simulated,F20
1760,1090,simulated,F20
1760,1060,simulated,F20
1761,280,simulated,F20
1761,830,simulated,F20
1761,940,simulated,F20
1761,920,simulated,F20
1762,530,simulated,F16
1762,910,simulated,F16
1762,410,simulated,F16
1762,900,simulated,F16
1763,310,simulated,F20
1763,960,simulated,F20
1763,610,simulated,F20
1763,210,simulated,F20
1763,900,simulated,F20
1764,1000,simulated,F20
1764,1090,simulated,F20
1764,140,simulated,F20
1765,590,simulated,F20
1765,850,simulated,F20
1765,420,simulated,F20
1765,760,simulated,F20
1765,470,simulated,F20
1766,230,simulated,F8
1766,300,simulated,F8
1766,420,simulated,F8
1767,460,simulated,F8
1767,440,simulated,F8
1768,960,simulated,F20
1768,500,simulated,F20
1768,620,simulated,F20
1769,980,simulated,F20
1770,220,simulated,F17
1770,120,simulated,F17
1770,500,simulated,F17
1770,260,simulated,F17
1770,870,simulated,F17
1771,230,simulated,F8
1771,260,simulated,F8
1771,350,simulated,F8
1771,150,simulated,F8
1771,420,simulated,F8
1772,150,simulated,F3
1773,440,simulated,F16
1773,690,simulated,F16
1773,800,simulated,F16
1773,890,simulated,F16
1773,570,simulated,F16
1774,300,simulated,F6
1774,110,simulated,F6
1775,630,simulated,F20
1775,560,simulated,F20
1775,710,simulated,F20
1775,1030,simulated,F20
1776,630,simulated,F16
1776,240,simulated,F16
1776,110,simulated,F16
1776,660,simulated,F16
1777,600,simulated,F20
1778,770,simulated,F20
1778,1050,simulated,F20
1778,930,simulated,F20
1778,940,simulated,F20
1779,590,simulated,F10
1780,910,simulated,F20
1780,730,simulated,F20
1780,860,simulated,F20
1780,290,simulated,F20
1781,1070,simulated,F20
1781,670,simulated,F20
1781,800,simulated,F20
1781,740,simulated,F20
1782,1090,simulated,F20
1782,400,simulated,F20
1782,680,simulated,F20
1782,930,simulated,F20
1783,110,simulated,F12
1783,640,simulated,F12
1784,1090,simulated,F18
1784,250,simulated,F18
1785,400,simulated,F20
1785,230,simulated,F20
1785,150,simulated,F20
1785,1060,simulated,F20
1785,490,simulated,F20
1786,530,simulated,F18
1786,520,simulated,F18
1786,490,simulated,F18
1786,680,simulated,F18
1786,800,simulated,F18
1787,750,simulated,F20
1787,630,simulated,F20
1787,860,simulated,F20
1788,810,simulated,F20
1789,530,simulated,F20
1789,730,simulated,F20
1790,920,simulated,F20
1790,1090,simulated,F20
1790,610,simulated,F20
1791,830,simulated,F20
1791,780,simulated,F20
1791,600,simulated,F20
1791,540,simulated,F20
1791,570,simulated,F20
1792,1020,simulated,F20
1792,1010,simulated,F20
1793,230,simulated,F9
1793,440,simulated,F9
1793,470,simulated,F9
1793,210,simulated,F9
1794,730,simulated,F20
1794,650,simulated,F20
1794,490,simulated,F20
1794,220,simulated,F20
1795,400,simulated,F13
1795,470,simulated,F13
1795,280,simulated,F13
1796,600,simulated,F19
1796,640,simulated,F19
1796,330,simulated,F19
1796,940,simulated,F19
1797,830,simulated,F16
1797,100,simulated,F16
1797,350,simulated,F16
1798,1000,simulated,F20
1799,720,simulated,F13
1799,430,simulated,F13
1799,400,simulated,F13
1799,350,simulated,F13
1800,110,simulated,F20
1800,850,simulated,F20
1800,100,simulated,F20
1800,390,simulated,F20
1800,740,simulated,F20
1801,980,simulated,F20
1802,200,simulated,F18
1802,100,simulated,F18
1802,1070,simulated,F18
1802,700,simulated,F18
1803,950,simulated,F20
1803,1020,simulated,F20
1803,770,simulated,F20
1804,840,simulated,F20
1804,1020,simulated,F20
1805,1090,simulated,F20
1806,410,simulated,F20
1806,1050,simulated,F20
1806,970,simulated,F20
1807,600,simulated,F2
1807,820,simulated,F2
1808,660,simulated,F15
1808,260,simulated,F15
1809,700,simulated,F17
1809,950,simulated,F17
1809,400,simulated,F17
1810,160,simulated,F12
1810,550,simulated,F12
1811,950,simulated,F20
1811,240,simulated,F20
1812,440,simulated,F20
1812,940,simulated,F20
1812,970,simulated,F20
1812,1010,simulated,F20
1812,130,simulated,F20
1813,690,simulated,F20
1814,630,simulated,F20
1815,100,simulated,F14
1815,690,simulated,F14
1815,560,simulated,F14
1816,570,simulated,F18
1817,320,simulated,F20
1817,1080,simulated,F20
1817,800,simulated,F20
1817,300,simulated,F20
1817,950,simulated,F20
1818,700,simulated,F17
1818,500,simulated,F17
1819,450,simulated,F8
1819,380,simulated,F8
1819,130,simulated,F8
1820,550,simulated,F14
1820,520,simulated,F14
1820,490,simulated,F14
1820,690,simulated,F14
1821,920,simulated,F20
1821,800,simulated,F20
1821,620,simulated,F20
1821,1050,simulated,F20
1822,580,simulated,F20
1822,850,simulated,F20
1822,770,simulated,F20
1822,1030,simulated,F20
1823,560,simulated,F17
1823,170,simulated,F17
1824,370,simulated,F9
1825,710,simulated,F20
1825,250,simulated,F20
1826,1060,simulated,F20
1826,840,simulated,F20
1827,180,simulated,F20
1827,750,simulated,F20
1827,1000,simulated,F20
1827,890,simulated,F20
1828,360,simulated,F20
1828,1030,simulated,F20
1828,150,simulated,F20
1829,140,simulated,F20
1829,1060,simulated,F20
1829,710,simulated,F20
1830,1080,simulated,F20
1831,560,simulated,F15
1831,830,simulated,F15
1831,320,simulated,F15
1831,820,simulated,F15
1832,280,simulated,F6
1833,930,simulated,F20
1834,100,simulated,F8
1835,740,simulated,F14
1836,800,simulated,F20
1836,940,simulated,F20
1836,280,simulated,F20
1836,670,simulated,F20
1836,620,simulated,F20
1837,300,simulated,F2
1838,700,simulated,F20
1838,140,simulated,F20
1838,960,simulated,F20
1839,1050,simulated,F20
1839,360,simulated,F20
1840,1000,simulated,F20
1840,1010,simulated,F20
1840,500,simulated,F20
1840,520,simulated,F20
1840,560,simulated,F20
1841,250,simulated,F6
1841,210,simulated,F6
1842,990,simulated,F20
1842,520,simulated,F20
1843,580,simulated,F19
1843,850,simulated,F19
1844,820,simulated,F20
1844,140,simulated,F20
1844,240,simulated,F20
1844,590,simulated,F20
1845,350,simulated,F20
1845,920,simulated,F20
1846,230,simulated,F16
1846,340,simulated,F16
1846,320,simulated,F16
1846,510,simulated,F16
1847,830,simulated,F20
1848,1040,simulated,F20
1848,400,simulated,F20
1849,160,simulated,F18
1849,670,simulated,F18
1849,440,simulated,F18
1850,620,simulated,F20
1850,260,simulated,F20
1851,560,simulated,F14
1851,520,simulated,F14
1852,130,simulated,F20
1852,950,simulated,F20
1853,720,simulated,F20
1853,1040,simulated,F20
1854,500,simulated,F20
1854,610,simulated,F20
1855,1000,simulated,F20
1855,860,simulated,F20
1855,560,simulated,F20
1856,510,simulated,F14
1857,960,simulated,F20
1857,690,simulated,F20
1857,900,simulated,F20
1858,480,simulated,F9
1858,110,simulated,F9
1859,790,simulated,F14
1859,590,simulated,F14
1860,850,simulated,F20
1860,180,simulated,F20
1860,990,simulated,F20
1860,330,simulated,F20
1860,120,simulated,F20
1861,630,simulated,F14
1861,770,simulated,F14
1861,700,simulated,F14
1862,960,simulated,F20
1862,920,simulated,F20
1862,440,simulated,F20
1862,340,simulated,F20
1863,560,simulated,F15
1863,800,simulated,F15
1863,610,simulated,F15
1863,210,simulated,F15
1864,920,simulated,F20
1864,800,simulated,F20
1864,640,simulated,F20
1864,560,simulated,F20
1864,1000,simulated,F20
1865,1060,simulated,F20
1865,220,simulated,F20
1865,440,simulated,F20
1865,760,simulated,F20
1865,270,simulated,F20
1866,400,simulated,F20
1866,440,simulated,F20
1866,470,simulated,F20
1866,700,simulated,F20
1866,810,simulated,F20
1867,1080,simulated,F20
1867,1070,simulated,F20
1867,960,simulated,F20
1867,820,simulated,F20
1867,630,simulated,F20
1868,590,simulated,F20
1868,1020,simulated,F20
1868,350,simulated,F20
1869,570,simulated,F20
1869,110,simulated,F20
1869,1090,simulated,F20
1869,890,simulated,F20
1870,590,simulated,F12
1870,260,simulated,F12
1871,680,simulated,F20
1871,1050,simulated,F20
1871,920,simulated,F20
1871,400,simulated,F20
1871,340,simulated,F20
1872,280,simulated,F7
1873,460,simulated,F11
1873,510,simulated,F11
1873,500,simulated,F11
1873,140,simulated,F11
1874,860,simulated,F20
1875,350,simulated,F6
1876,300,simulated,F17
1876,780,simulated,F17
1876,140,simulated,F17
1876,490,simulated,F17
1876,860,simulated,F17
1877,110,simulated,F20
1877,230,simulated,F20
1877,920,simulated,F20
1877,840,simulated,F20
1877,430,simulated,F20
1878,1090,simulated,F20
1878,700,simulated,F20
1878,940,simulated,F20
1878,990,simulated,F20
1878,290,simulated,F20
1879,460,simulated,F8
1880,860,simulated,F20
1880,670,simulated,F20
1880,400,simulated,F20
1880,600,simulated,F20
1880,350,simulated,F20
1881,310,simulated,F5
1882,170,simulated,F16
1882,580,simulated,F16
1882,690,simulated,F16
1883,460,simulated,F20
1883,880,simulated,F20
1883,1030,simulated,F20
1883,570,simulated,F20
1883,630,simulated,F20
1884,520,simulated,F20
1885,790,simulated,F20
1885,470,simulated,F20
1885,300,simulated,F20
1885,880,simulated,F20
1886,620,simulated,F20
1886,1090,simulated,F20
1886,460,simulated,F20
1887,800,simulated,F18
1887,260,simulated,F18
1887,510,simulated,F18
1888,1090,simulated,F20
1888,1010,simulated,F20
1888,910,simulated,F20
1888,810,simulated,F20
1888,550,simulated,F20
1889,530,simulated,F20
1889,950,simulated,F20
1889,170,simulated,F20
1889,780,simulated,F20
1890,460,simulated,F16
1890,180,simulated,F16
1890,200,simulated,F16
1890,790,simulated,F16
1890,540,simulated,F16
1891,270,simulated,F19
1891,340,simulated,F19
1891,1090,simulated,F19
1892,810,simulated,F20
1892,920,simulated,F20
1892,1000,simulated,F20
1893,1020,simulated,F20
1893,1060,simulated,F20
1893,620,simulated,F20
1894,1010,simulated,F20
1894,960,simulated,F20
1894,260,simulated,F20
1894,390,simulated,F20
1894,1080,simulated,F20
1895,1020,simulated,F20
1895,210,simulated,F20
1896,860,simulated,F18
1896,1030,simulated,F18
1896,670,simulated,F18
1897,780,simulated,F20
1897,510,simulated,F20
1897,280,simulated,F20
1897,190,simulated,F20
1898,1050,simulated,F20
1898,220,simulated,F20
1898,440,simulated,F20
1898,910,simulated,F20
1898,410,simulated,F20
1899,690,simulated,F20
1899,120,simulated,F20
1900,1010,simulated,F20
1900,610,simulated,F20
1900,770,simulated,F20
1901,350,simulated,F16
1901,730,simulated,F16
1901,900,simulated,F16
1901,440,simulated,F16
1902,200,simulated,F4
1903,980,simulated,F20
1903,1030,simulated,F20
1903,1090,simulated,F20
1904,1060,simulated,F20
1904,230,simulated,F20
1904,1000,simulated,F20
1904,990,simulated,F20
1905,970,simulated,F20
1905,200,simulated,F20
1905,1040,simulated,F20
1905,420,simulated,F20
1905,750,simulated,F20
1906,850,simulated,F20
1906,470,simulated,F20
1907,680,simulated,F20
1907,810,simulated,F20
1907,910,simulated,F20
1907,540,simulated,F20
1908,530,simulated,F20
1909,1000,simulated,F20
1909,700,simulated,F20
1910,970,simulated,F20
1910,680,simulated,F20
1910,110,simulated,F20
1910,960,simulated,F20
1910,1030,simulated,F20
1911,150,simulated,F20
1911,660,simulated,F20
1911,1080,simulated,F20
1912,600,simulated,F20
1912,590,simulated,F20
1912,1090,simulated,F20
1912,220,simulated,F20
1913,120,simulated,F16
1913,640,simulated,F16
1913,140,simulated,F16
1914,1050,simulated,F20
1914,800,simulated,F20
1915,760,simulated,F20
1915,1070,simulated,F20
1915,690,simulated,F20
1915,310,simulated,F20
1916,460,simulated,F14
1916,810,simulated,F14
1917,980,simulated,F19
1917,1060,simulated,F19
1917,470,simulated,F19
1917,930,simulated,F19
1917,910,simulated,F19
1918,1020,simulated,F20
1918,870,simulated,F20
1918,210,simulated,F20
1918,410,simulated,F20
1919,1080,simulated,F20
1920,990,simulated,F20
1920,440,simulated,F20
1921,440,simulated,F9
1922,460,simulated,F19
1922,520,simulated,F19
1922,780,simulated,F19
1923,1010,simulated,F20
1923,100,simulated,F20
1924,150,simulated,F11
1924,610,simulated,F11
1925,360,simulated,F20
1925,220,simulated,F20
1925,960,simulated,F20
1925,400,simulated,F20
1925,140,simulated,F20
1926,1090,simulated,F20
1927,610,simulated,F15
1928,300,simulated,F9
1929,880,simulated,F16
1929,250,simulated,F16
1929,570,simulated,F16
1930,890,simulated,F16
1930,300,simulated,F16
1931,610,simulated,F20
1931,970,simulated,F20
1932,620,simulated,F17
1932,460,simulated,F17
1932,280,simulated,F17
1932,800,simulated,F17
1932,330,simulated,F17
1933,590,simulated,F18
1933,700,simulated,F18
1933,650,simulated,F18
1933,340,simulated,F18
1934,610,simulated,F20
1935,500,simulated,F9
1936,100,simulated,F20
1936,730,simulated,F20
1936,970,simulated,F20
1936,510,simulated,F20
1936,360,simulated,F20
1937,410,simulated,F10
1938,240,simulated,F20
1938,770,simulated,F20
1938,800,simulated,F20
1938,290,simulated,F20
1939,460,simulated,F11
1939,450,simulated,F11
1939,530,simulated,F11
1939,400,simulated,F11
1939,510,simulated,F11
1940,200,simulated,F5
1941,1040,simulated,F20
1941,1090,simulated,F20
1941,810,simulated,F20
1941,410,simulated,F20
1941,100,simulated,F20
1942,890,simulated,F20
1942,550,simulated,F20
1942,960,simulated,F20
1942,520,simulated,F20
1943,1090,simulated,F20
1943,360,simulated,F20
1943,530,simulated,F20
1943,760,simulated,F20
1944,1050,simulated,F20
1944,760,simulated,F20
1944,970,simulated,F20
1944,190,simulated,F20
1944,1010,simulated,F20
1945,500,simulated,F20
1945,1050,simulated,F20
1945,940,simulated,F20
1946,920,simulated,F20
1946,490,simulated,F20
1946,360,simulated,F20
1946,1050,simulated,F20
1947,500,simulated,F20
1947,440,simulated,F20
1947,300,simulated,F20
1948,460,simulated,F20
1948,890,simulated,F20
1949,660,simulated,F20
1949,190,simulated,F20
1949,1000,simulated,F20
1949,830,simulated,F20
1950,120,simulated,F9
1950,410,simulated,F9
1951,320,simulated,F11
1951,210,simulated,F11
1951,160,simulated,F11
1951,450,simulated,F11
1951,540,simulated,F11
1952,520,simulated,F20
1952,750,simulated,F20
1953,320,simulated,F9
1954,970,simulated,F20
1954,240,simulated,F20
1955,140,simulated,F7
1955,280,simulated,F7
1956,610,simulated,F13
1957,1030,simulated,F20
1957,260,simulated,F20
1957,670,simulated,F20
1957,120,simulated,F20
1957,440,simulated,F20
1958,520,simulated,F10
1958,510,simulated,F10
1958,370,simulated,F10
1958,140,simulated,F10
1959,500,simulated,F20
1959,1070,simulated,F20
1959,810,simulated,F20
1959,550,simulated,F20
1959,970,simulated,F20
1960,970,simulated,F20
1960,180,simulated,F20
1960,840,simulated,F20
1961,320,simulated,F19
1961,820,simulated,F19
1961,800,simulated,F19
1961,360,simulated,F19
1961,550,simulated,F19
1962,340,simulated,F20
1962,880,simulated,F20
1963,360,simulated,F16
1963,420,simulated,F16
1963,170,simulated,F16
1963,760,simulated,F16
1963,190,simulated,F16
1964,970,simulated,F20
1965,940,simulated,F20
1965,930,simulated,F20
1966,270,simulated,F6
1966,260,simulated,F6
1967,870,simulated,F20
1967,240,simulated,F20
1968,190,simulated,F20
1968,830,simulated,F20
1968,590,simulated,F20
1969,630,simulated,F14
1969,160,simulated,F14
1970,660,simulated,F20
1970,370,simulated,F20
1971,960,simulated,F20
1971,810,simulated,F20
1971,160,simulated,F20
1971,270,simulated,F20
1971,730,simulated,F20
1972,810,simulated,F20
1972,960,simulated,F20
1972,1060,simulated,F20
1973,760,simulated,F20
1973,960,simulated,F20
1973,310,simulated,F20
1973,1020,simulated,F20
1973,1060,simulated,F20
1974,410,simulated,F19
1974,840,simulated,F19
1974,290,simulated,F19
1974,670,simulated,F19
1974,620,simulated,F19
1975,580,simulated,F20
1975,370,simulated,F20
1975,400,simulated,F20
1975,480,simulated,F20
1976,340,simulated,F12
1976,170,simulated,F12
1976,330,simulated,F12
1976,520,simulated,F12
1977,790,simulated,F20
1977,490,simulated,F20
1978,660,simulated,F20
1978,870,simulated,F20
1978,350,simulated,F20
1979,720,simulated,F20
1979,930,simulated,F20
1980,100,simulated,F14
1980,730,simulated,F14
1980,800,simulated,F14
1981,860,simulated,F20
1982,160,simulated,F20
1982,1040,simulated,F20
1982,480,simulated,F20
1982,660,simulated,F20
1983,680,simulated,F20
1983,880,simulated,F20
1983,920,simulated,F20
1983,960,simulated,F20
1984,310,simulated,F20
1984,530,simulated,F20
1984,920,simulated,F20
1984,660,simulated,F20
1985,1040,simulated,F18
1985,800,simulated,F18
1985,230,simulated,F18
1986,560,simulated,F20
1986,1000,simulated,F20
1986,230,simulated,F20
1987,330,simulated,F13
1987,140,simulated,F13
1987,700,simulated,F13
1987,640,simulated,F13
1988,440,simulated,F20
1989,310,simulated,F6
1990,440,simulated,F18
1990,610,simulated,F18
1990,980,simulated,F18
1990,560,simulated,F18
1990,680,simulated,F18
1991,940,simulated,F20
1992,1060,simulated,F20
1993,210,simulated,F7
1994,700,simulated,F20
1994,1060,simulated,F20
1994,130,simulated,F20
1994,120,simulated,F20
1994,1020,simulated,F20
1995,740,simulated,F20
1995,720,simulated,F20
1995,760,simulated,F20
1995,1020,simulated,F20
1995,1040,simulated,F20
1996,710,simulated,F18
1996,400,simulated,F18
1996,450,simulated,F18
1996,570,simulated,F18
1997,960,simulated,F20
1997,390,simulated,F20
1998,340,simulated,F20
1998,1080,simulated,F20
1999,850,simulated,F20
1999,720,simulated,F20
1999,190,simulated,F20
2000,120,simulated,F10
2000,380,simulated,F10
2000,270,simulated,F10
2000,600,simulated,F10
2000,470,simulated,F10
2001,100,simulated,F20
2001,940,simulated,F20
2001,680,simulated,F20
2001,1050,simulated,F20
2001,120,simulated,F20
2002,340,simulated,F15
2002,170,simulated,F15
2002,450,simulated,F15
2003,960,simulated,F20
2003,930,simulated,F20
2003,350,simulated,F20
2004,140,simulated,F3
2005,650,simulated,F15
2006,970,simulated,F20
2006,1080,simulated,F20
2007,1020,simulated,F20
2007,730,simulated,F20
2007,720,simulated,F20
2008,530,simulated,F20
2008,690,simulated,F20
2008,310,simulated,F20
2008,800,simulated,F20
2008,1090,simulated,F20
2009,670,simulated,F20
2009,170,simulated,F20
2009,940,simulated,F20
2010,160,simulated,F20
2010,800,simulated,F20
2011,770,simulated,F20
2011,500,simulated,F20
2011,830,simulated,F20
2012,140,simulated,F20
2012,520,simulated,F20
2012,960,simulated,F20
2013,890,simulated,F16
2014,600,simulated,F20
2014,980,simulated,F20
2014,380,simulated,F20
2014,220,simulated,F20
2015,420,simulated,F20
2015,810,simulated,F20
2015,360,simulated,F20
2015,850,simulated,F20
2016,140,simulated,F16
2016,340,simulated,F16
2016,910,simulated,F16
2017,700,simulated,F20
2017,650,simulated,F20
2017,980,simulated,F20
2017,430,simulated,F20
2018,460,simulated,F20
2018,210,simulated,F20
2018,820,simulated,F20
2019,640,simulated,F14
2019,750,simulated,F14
2020,810,simulated,F20
2020,700,simulated,F20
2020,510,simulated,F20
2021,880,simulated,F20
2021,830,simulated,F20
2021,600,simulated,F20
2021,320,simulated,F20
2022,220,simulated,F4
2023,660,simulated,F16
2023,890,simulated,F16
2023,440,simulated,F16
2023,180,simulated,F16
2024,550,simulated,F20
2024,250,simulated,F20
2024,950,simulated,F20
2024,840,simulated,F20
2024,800,simulated,F20
2025,560,simulated,F20
2025,420,simulated,F20
2025,710,simulated,F20
2025,510,simulated,F20
2026,560,simulated,F19
2026,280,simulated,F19
2026,480,simulated,F19
2026,780,simulated,F19
2027,570,simulated,F20
2027,610,simulated,F20
2027,940,simulated,F20
2027,230,simulated,F20
2028,510,simulated,F20
2028,1090,simulated,F20
2028,240,simulated,F20
2028,670,simulated,F20
2029,360,simulated,F10
2030,410,simulated,F17
2030,720,simulated,F17
2030,260,simulated,F17
2030,290,simulated,F17
2031,150,simulated,F13
2031,260,simulated,F13
2031,330,simulated,F13
2031,520,simulated,F13
2032,280,simulated,F8
2033,470,simulated,F8
2034,660,simulated,F15
2034,700,simulated,F15
2035,580,simulated,F15
2035,400,simulated,F15
2036,690,simulated,F15
2036,360,simulated,F15
2036,210,simulated,F15
2037,290,simulated,F20
2037,250,simulated,F20
2037,280,simulated,F20
2037,1030,simulated,F20
2038,670,simulated,F20
2038,260,simulated,F20
2038,1000,simulated,F20
2038,390,simulated,F20
2039,910,simulated,F20
2039,480,simulated,F20
2039,400,simulated,F20
2039,1060,simulated,F20
2039,530,simulated,F20
2040,910,simulated,F20
2040,330,simulated,F20
2040,320,simulated,F20
2040,770,simulated,F20
2041,840,simulated,F17
2042,920,simulated,F20
2042,1070,simulated,F20
2042,460,simulated,F20
2042,280,simulated,F20
2043,820,simulated,F20
2044,410,simulated,F7
2045,420,simulated,F20
2045,240,simulated,F20
2045,980,simulated,F20
2045,170,simulated,F20
2045,390,simulated,F20
2046,240,simulated,F4
2047,700,simulated,F20
2048,300,simulated,F11
2048,200,simulated,F11
2049,310,simulated,F11
2049,540,simulated,F11
2050,170,simulated,F20
2050,610,simulated,F20
2051,1070,simulated,F20
2051,510,simulated,F20
2051,350,simulated,F20
2052,340,simulated,F20
2052,800,simulated,F20
2052,820,simulated,F20
2052,950,simulated,F20
2053,440,simulated,F12
2053,470,simulated,F12
2054,870,simulated,F20
2054,810,simulated,F20
2054,1000,simulated,F20
2054,1030,simulated,F20
2055,580,simulated,F11
2056,180,simulated,F20
2056,1000,simulated,F20
2056,380,simulated,F20
2057,220,simulated,F20
2057,820,simulated,F20
2058,340,simulated,F13
2059,140,simulated,F9
2060,770,simulated,F20
2060,760,simulated,F20
2061,130,simulated,F20
2061,790,simulated,F20
2061,620,simulated,F20
2061,670,simulated,F20
2061,400,simulated,F20
2062,150,simulated,F12
2062,280,simulated,F12
2063,700,simulated,F20
2063,1010,simulated,F20
2063,740,simulated,F20
2063,500,simulated,F20
2064,1090,simulated,F18
2064,860,simulated,F18
2064,510,simulated,F18
2064,310,simulated,F18
2065,330,simulated,F20
2065,970,simulated,F20
2065,600,simulated,F20
2065,590,simulated,F20
2066,590,simulated,F11
2067,270,simulated,F5
2067,130,simulated,F5
2068,910,simulated,F17
2068,840,simulated,F17
2068,320,simulated,F17
2069,320,simulated,F20
2069,390,simulated,F20
2069,1090,simulated,F20
2069,930,simulated,F20
2069,540,simulated,F20
2070,520,simulated,F20
2071,130,simulated,F10
2071,550,simulated,F10
2072,580,simulated,F18
2072,650,simulated,F18
2072,950,simulated,F18
2072,280,simulated,F18
2072,390,simulated,F18
2073,500,simulated,F11
2074,710,simulated,F20
2074,730,simulated,F20
2074,530,simulated,F20
2074,540,simulated,F20
2074,660,simulated,F20
2075,460,simulated,F14
2075,770,simulated,F14
2075,430,simulated,F14
2075,760,simulated,F14
2076,180,simulated,F7
2076,100,simulated,F7
2076,430,simulated,F7
2077,250,simulated,F5
2077,140,simulated,F5
2078,180,simulated,F3
2079,1080,simulated,F20
2079,170,simulated,F20
2079,400,simulated,F20
2080,750,simulated,F20
2080,340,simulated,F20
2080,190,simulated,F20
2080,1080,simulated,F20
2081,720,simulated,F20
2081,830,simulated,F20
2081,520,simulated,F20
2081,1040,simulated,F20
2082,1080,simulated,F20
2082,690,simulated,F20
2082,130,simulated,F20
2083,150,simulated,F20
2083,1000,simulated,F20
2083,190,simulated,F20
2084,580,simulated,F18
2084,100,simulated,F18
2084,480,simulated,F18
2085,1080,simulated,F20
2085,700,simulated,F20
2086,670,simulated,F20
2086,520,simulated,F20
2086,940,simulated,F20
2086,600,simulated,F20
2086,360,simulated,F20
2087,280,simulated,F20
2087,200,simulated,F20
2087,740,simulated,F20
2087,770,simulated,F20
2087,760,simulated,F20
2088,1000,simulated,F20
2088,220,simulated,F20
2088,940,simulated,F20
2088,480,simulated,F20
2089,610,simulated,F20
2089,250,simulated,F20
2089,560,simulated,F20
2089,790,simulated,F20
2090,670,simulated,F16
2090,900,simulated,F16
2090,410,simulated,F16
2090,790,simulated,F16
2091,700,simulated,F20
2092,1030,simulated,F20
2092,260,simulated,F20
2092,130,simulated,F20
2092,540,simulated,F20
2093,1060,simulated,F20
2093,500,simulated,F20
2093,940,simulated,F20
2094,670,simulated,F20
2094,1030,simulated,F20
2095,830,simulated,F20
2095,950,simulated,F20
2095,970,simulated,F20
2096,740,simulated,F13
2096,190,simulated,F13
2097,100,simulated,F20
2097,860,simulated,F20
2097,560,simulated,F20
2097,230,simulated,F20
2098,870,simulated,F20
2098,360,simulated,F20
2098,980,simulated,F20
2098,290,simulated,F20
2099,450,simulated,F9
2100,840,simulated,F20
2100,950,simulated,F20
2100,300,simulated,F20
2100,910,simulated,F20
2100,540,simulated,F20
2101,780,simulated,F20
2101,990,simulated,F20
2101,950,simulated,F20
2101,800,simulated,F20
2101,520,simulated,F20
2102,310,simulated,F7
2103,400,simulated,F20
2103,630,simulated,F20
2103,870,simulated,F20
2104,260,simulated,F20
2104,1060,simulated,F20
2104,820,simulated,F20
2105,760,simulated,F20
2105,380,simulated,F20
2105,970,simulated,F20
2105,290,simulated,F20
2106,350,simulated,F20
2106,230,simulated,F20
2106,330,simulated,F20
2106,570,simulated,F20
2106,210,simulated,F20
2107,1040,simulated,F20
2108,580,simulated,F20
2108,1000,simulated,F20
2108,810,simulated,F20
2108,360,simulated,F20
2109,200,simulated,F6
2109,280,simulated,F6
2110,290,simulated,F13
2110,590,simulated,F13
2110,430,simulated,F13
2110,770,simulated,F13
2111,790,simulated,F20
2111,140,simulated,F20
2112,710,simulated,F20
2112,390,simulated,F20
2112,360,simulated,F20
2112,470,simulated,F20
2113,130,simulated,F14
2113,530,simulated,F14
2113,520,simulated,F14
2114,970,simulated,F20
2114,1060,simulated,F20
2114,930,simulated,F20
2114,820,simulated,F20
2115,390,simulated,F20
2116,180,simulated,F20
2116,970,simulated,F20
2116,250,simulated,F20
2116,300,simulated,F20
2117,1050,simulated,F20
2117,390,simulated,F20
2118,420,simulated,F10
2118,130,simulated,F10
2118,550,simulated,F10
2119,330,simulated,F20
2119,1010,simulated,F20
2119,880,simulated,F20
2119,310,simulated,F20
2120,210,simulated,F9
2120,140,simulated,F9
2121,800,simulated,F16
2121,870,simulated,F16
2121,180,simulated,F16
2121,630,simulated,F16
2122,560,simulated,F20
2122,370,simulated,F20
2123,290,simulated,F5
2124,300,simulated,F20
2124,830,simulated,F20
2124,560,simulated,F20
2125,480,simulated,F20
2125,230,simulated,F20
2125,750,simulated,F20
2126,1080,simulated,F18
2127,880,simulated,F20
2127,770,simulated,F20
2127,130,simulated,F20
2127,730,simulated,F20
2127,550,simulated,F20
2128,720,simulated,F20
2128,660,simulated,F20
2129,690,simulated,F20
2129,890,simulated,F20
2129,580,simulated,F20
2129,930,simulated,F20
2129,860,simulated,F20
2130,970,simulated,F20
2130,430,simulated,F20
2130,270,simulated,F20
2130,210,simulated,F20
2131,290,simulated,F1
2131,220,simulated,F1
2132,670,simulated,F20
2132,230,simulated,F20
2132,710,simulated,F20
2132,920,simulated,F20
2132,330,simulated,F20
2133,560,simulated,F20
2133,130,simulated,F20
2133,650,simulated,F20
2133,510,simulated,F20
2133,540,simulated,F20
2134,620,simulated,F20
2134,530,simulated,F20
2134,940,simulated,F20
2134,760,simulated,F20
2134,270,simulated,F20
2135,600,simulated,F20
2135,250,simulated,F20
2135,520,simulated,F20
2135,340,simulated,F20
2135,1070,simulated,F20
2136,470,simulated,F20
2136,980,simulated,F20
2136,210,simulated,F20
2136,260,simulated,F20
2137,190,simulated,F20
2137,850,simulated,F20
2137,970,simulated,F20
2138,100,simulated,F5
2139,170,simulated,F20
2139,590,simulated,F20
2139,760,simulated,F20
2139,460,simulated,F20
2140,340,simulated,F20
2140,880,simulated,F20
2141,760,simulated,F17
2141,680,simulated,F17
2141,740,simulated,F17
2141,490,simulated,F17
2142,180,simulated,F14
2142,660,simulated,F14
2142,530,simulated,F14
2142,110,simulated,F14
2142,240,simulated,F14
2143,490,simulated,F8
2143,330,simulated,F8
2144,750,simulated,F20
2144,620,simulated,F20
2144,1020,simulated,F20
2144,1000,simulated,F20
2145,890,simulated,F20
2145,690,simulated,F20
2145,790,simulated,F20
2146,550,simulated,F12
2146,530,simulated,F12
2146,130,simulated,F12
2146,500,simulated,F12
2147,550,simulated,F11
2147,130,simulated,F11
2147,570,simulated,F11
2147,140,simulated,F11
2148,1010,simulated,F20
2148,1060,simulated,F20
2149,730,simulated,F19
2149,930,simulated,F19
2149,700,simulated,F19
2149,950,simulated,F19
2149,290,simulated,F19
2150,600,simulated,F11
2151,340,simulated,F20
2151,1040,simulated,F20
2152,530,simulated,F14
2152,730,simulated,F14
2153,280,simulated,F10
2154,1040,simulated,F20
2154,780,simulated,F20
2154,920,simulated,F20
2154,340,simulated,F20
2154,880,simulated,F20
2155,980,simulated,F20
2155,770,simulated,F20
2155,670,simulated,F20
2155,150,simulated,F20
2155,210,simulated,F20
2156,320,simulated,F6
2157,1090,simulated,F20
2158,710,simulated,F13
2159,630,simulated,F12
2160,210,simulated,F20
2160,480,simulated,F20
2160,1090,simulated,F20
2160,630,simulated,F20
2160,590,simulated,F20
2161,870,simulated,F20
2161,760,simulated,F20
2161,360,simulated,F20
2161,600,simulated,F20
2162,670,simulated,F20
2162,640,simulated,F20
2162,210,simulated,F20
2162,560,simulated,F20
2162,700,simulated,F20
2163,520,simulated,F12
2164,780,simulated,F20
2164,1010,simulated,F20
2165,510,simulated,F14
2165,260,simulated,F14
2165,140,simulated,F14
2165,120,simulated,F14
2166,170,simulated,F14
2166,730,simulated,F14
2166,440,simulated,F14
2166,140,simulated,F14
2167,830,simulated,F19
2168,940,simulated,F20
2168,990,simulated,F20
2168,980,simulated,F20
2168,620,simulated,F20
2169,770,simulated,F20
2169,350,simulated,F20
2169,920,simulated,F20
2169,290,simulated,F20
2169,690,simulated,F20
2170,550,simulated,F20
2170,1000,simulated,F20
2170,390,simulated,F20
2170,290,simulated,F20
2171,710,simulated,F17
2171,470,simulated,F17
2171,620,simulated,F17
2172,1050,simulated,F20
2173,760,simulated,F20
2173,310,simulated,F20
2173,970,simulated,F20
2173,260,simulated,F20
2173,920,simulated,F20
2174,550,simulated,F18
2174,630,simulated,F18
2174,880,simulated,F18
2174,720,simulated,F18
2174,400,simulated,F18
2175,440,simulated,F16
2175,120,simulated,F16
2175,180,simulated,F16
2175,350,simulated,F16
2175,730,simulated,F16
2176,790,simulated,F20
2176,880,simulated,F20
2177,270,simulated,F20
2177,850,simulated,F20
2177,690,simulated,F20
2178,810,simulated,F20
2178,760,simulated,F20
2178,930,simulated,F20
2178,310,simulated,F20
2178,1020,simulated,F20
2179,470,simulated,F13
2180,270,simulated,F20
2180,170,simulated,F20
2180,680,simulated,F20
2180,760,simulated,F20
2181,110,simulated,F12
2181,530,simulated,F12
2182,230,simulated,F12
2183,720,simulated,F20
2183,110,simulated,F20
2184,290,simulated,F20
2184,440,simulated,F20
2184,810,simulated,F20
2185,940,simulated,F20
2185,770,simulated,F20
2186,100,simulated,F20
2186,190,simulated,F20
2186,590,simulated,F20
2186,1070,simulated,F20
2186,740,simulated,F20
2187,1070,simulated,F20
2187,1000,simulated,F20
2187,560,simulated,F20
2187,710,simulated,F20
2188,200,simulated,F20
2188,530,simulated,F20
2188,1070,simulated,F20
2188,550,simulated,F20
2189,310,simulated,F12
2189,620,simulated,F12
2190,650,simulated,F16
2190,890,simulated,F16
2190,350,simulated,F16
2190,880,simulated,F16
2191,820,simulated,F14
2192,270,simulated,F6
2192,340,simulated,F6
2193,340,simulated,F7
2194,1030,simulated,F20
2194,230,simulated,F20
2194,160,simulated,F20
2194,820,simulated,F20
2194,950,simulated,F20
2195,1010,simulated,F20
2195,820,simulated,F20
2196,240,simulated,F16
2196,780,simulated,F16
2196,340,simulated,F16
2197,960,simulated,F20
2197,290,simulated,F20
2198,170,simulated,F17
2198,490,simulated,F17
2198,570,simulated,F17
2199,520,simulated,F20
2199,490,simulated,F20
2199,780,simulated,F20
2200,980,simulated,F20
2200,350,simulated,F20
2201,960,simulated,F20
2202,700,simulated,F20
2202,250,simulated,F20
2202,900,simulated,F20
2202,1020,simulated,F20
2202,380,simulated,F20
2203,680,simulated,F17
2203,930,simulated,F17
2203,760,simulated,F17
2204,1070,simulated,F20
2204,300,simulated,F20
2205,170,simulated,F9
2205,460,simulated,F9
2206,130,simulated,F18
2206,120,simulated,F18
2206,890,simulated,F18
2207,170,simulated,F20
2207,990,simulated,F20
2207,1040,simulated,F20
2208,990,simulated,F20
2208,630,simulated,F20
2208,1030,simulated,F20
2209,290,simulated,F20
2209,710,simulated,F20
2209,180,simulated,F20
2209,920,simulated,F20
2209,770,simulated,F20
2210,380,simulated,F20
2210,670,simulated,F20
2210,1070,simulated,F20
2211,730,simulated,F20
2211,650,simulated,F20
2212,140,simulated,F5
2213,470,simulated,F10
2213,170,simulated,F10
2214,560,simulated,F20
2214,690,simulated,F20
2214,360,simulated,F20
2214,870,simulated,F20
2215,290,simulated,F6
2216,760,simulated,F13
2216,330,simulated,F13
2217,220,simulated,F20
2217,610,simulated,F20
2218,890,simulated,F20
2218,700,simulated,F20
2218,470,simulated,F20
2218,110,simulated,F20
2218,720,simulated,F20
2219,520,simulated,F13
2219,340,simulated,F13
2220,410,simulated,F20
2220,700,simulated,F20
2220,1030,simulated,F20
2220,440,simulated,F20
2221,730,simulated,F20
2221,380,simulated,F20
2221,1050,simulated,F20
2222,490,simulated,F20
2222,400,simulated,F20
2222,780,simulated,F20
2222,250,simulated,F20
2223,460,simulated,F9
2223,310,simulated,F9
2224,1080,simulated,F20
2224,780,simulated,F20
2224,710,simulated,F20
2225,830,simulated,F20
2226,740,simulated,F13
2226,630,simulated,F13
2227,990,simulated,F20
2227,660,simulated,F20
2227,1060,simulated,F20
2227,180,simulated,F20
2227,190,simulated,F20
2228,420,simulated,F18
2229,250,simulated,F20
2229,370,simulated,F20
2230,670,simulated,F20
2230,1040,simulated,F20
2230,540,simulated,F20
2231,930,simulated,F20
2231,280,simulated,F20
2231,420,simulated,F20
2232,310,simulated,F5
2232,130,simulated,F5
2233,600,simulated,F20
2233,140,simulated,F20
2233,320,simulated,F20
2233,410,simulated,F20
2233,860,simulated,F20
2234,1020,simulated,F20
2234,1030,simulated,F20
2234,150,simulated,F20
2235,780,simulated,F20
2236,610,simulated,F15
2236,390,simulated,F15
2236,270,simulated,F15
2237,750,simulated,F20
2237,560,simulated,F20
2237,130,simulated,F20
2237,230,simulated,F20
2238,250,simulated,F20
2238,990,simulated,F20
2239,530,simulated,F20
2239,840,simulated,F20
2240,720,simulated,F20
2240,570,simulated,F20
2240,790,simulated,F20
2241,820,simulated,F20
2241,1010,simulated,F20
2241,940,simulated,F20
2242,800,simulated,F18
2242,590,simulated,F18
2243,900,simulated,F20
2244,630,simulated,F18
2244,310,simulated,F18
2244,970,simulated,F18
2245,680,simulated,F20
2245,1040,simulated,F20
2245,1060,simulated,F20
2246,1030,simulated,F18
2247,740,simulated,F20
2247,700,simulated,F20
2247,650,simulated,F20
2248,620,simulated,F20
2248,770,simulated,F20
2248,240,simulated,F20
2248,340,simulated,F20
2249,750,simulated,F19
2249,1080,simulated,F19
2249,870,simulated,F19
2249,1020,simulated,F19
2250,670,simulated,F20
2250,520,simulated,F20
2250,770,simulated,F20
2250,120,simulated,F20
2250,1090,simulated,F20
2251,380,simulated,F20
2252,820,simulated,F20
2252,950,simulated,F20
2252,490,simulated,F20
2252,880,simulated,F20
2252,120,simulated,F20
2253,520,simulated,F20
2253,220,simulated,F20
2253,690,simulated,F20
2254,210,simulated,F20
2255,460,simulated,F20
2255,870,simulated,F20
2255,150,simulated,F20
2256,770,simulated,F20
2256,930,simulated,F20
2256,200,simulated,F20
2257,710,simulated,F20
2257,120,simulated,F20
2257,440,simulated,F20
2257,560,simulated,F20
2258,1010,simulated,F20
2258,510,simulated,F20
2258,680,simulated,F20
2259,490,simulated,F20
2259,810,simulated,F20
2259,890,simulated,F20
2260,810,simulated,F14
2261,160,simulated,F3
2262,280,simulated,F6
2263,110,simulated,F14
2263,620,simulated,F14
2264,150,simulated,F8
2264,340,simulated,F8
2264,210,simulated,F8
2265,500,simulated,F20
2265,960,simulated,F20
2265,190,simulated,F20
2266,850,simulated,F17
2266,440,simulated,F17
2266,920,simulated,F17
2266,540,simulated,F17
2267,680,simulated,F20
2268,990,simulated,F20
2268,1040,simulated,F20
2268,840,simulated,F20
2269,1040,simulated,F20
2269,560,simulated,F20
2269,890,simulated,F20
2269,770,simulated,F20
2269,970,simulated,F20
2270,760,simulated,F20
2270,980,simulated,F20
2270,150,simulated,F20
2270,1040,simulated,F20
2270,840,simulated,F20
2271,930,simulated,F20
2271,210,simulated,F20
2271,690,simulated,F20
2271,320,simulated,F20
2272,900,simulated,F20
2272,400,simulated,F20
2272,290,simulated,F20
2272,520,simulated,F20
2273,480,simulated,F20
2273,1070,simulated,F20
2273,240,simulated,F20
2273,1000,simulated,F20
2274,350,simulated,F10
2274,230,simulated,F10
2274,190,simulated,F10
2275,990,simulated,F20
2275,790,simulated,F20
2275,460,simulated,F20
2276,560,simulated,F20
2276,710,simulated,F20
2277,220,simulated,F20
2277,540,simulated,F20
2277,790,simulated,F20
2277,710,simulated,F20
2277,750,simulated,F20
2278,120,simulated,F20
2278,690,simulated,F20
2279,310,simulated,F20
2279,1050,simulated,F20
2279,1040,simulated,F20
2279,400,simulated,F20
2279,420,simulated,F20
2280,350,simulated,F20
2280,100,simulated,F20
2280,930,simulated,F20
2280,440,simulated,F20
2281,220,simulated,F12
2281,670,simulated,F12
2281,510,simulated,F12
2281,410,simulated,F12
2282,320,simulated,F15
2282,270,simulated,F15
2282,680,simulated,F15
2282,600,simulated,F15
2282,640,simulated,F15
2283,240,simulated,F20
2283,860,simulated,F20
2283,470,simulated,F20
2283,930,simulated,F20
2284,740,simulated,F20
2284,100,simulated,F20
2284,520,simulated,F20
2284,580,simulated,F20
2284,610,simulated,F20
2285,350,simulated,F20
2285,960,simulated,F20
2286,570,simulated,F18
2287,550,simulated,F20
2287,860,simulated,F20
2288,930,simulated,F20
2288,250,simulated,F20
2288,380,simulated,F20
2288,120,simulated,F20
2289,220,simulated,F4
2290,270,simulated,F20
2290,480,simulated,F20
2290,1010,simulated,F20
2291,500,simulated,F20
2291,140,simulated,F20
2291,1060,simulated,F20
2292,550,simulated,F20
2293,420,simulated,F20
2293,1040,simulated,F20
2293,580,simulated,F20
2293,830,simulated,F20
2294,1040,simulated,F20
2294,290,simulated,F20
2294,390,simulated,F20
2295,130,simulated,F20
2295,840,simulated,F20
2295,820,simulated,F20
2295,110,simulated,F20
2295,620,simulated,F20
2296,190,simulated,F10
2297,760,simulated,F18
2297,890,simulated,F18
2298,520,simulated,F11
2299,1090,simulated,F20
2299,890,simulated,F20
2300,180,simulated,F20
2301,480,simulated,F8
2302,190,simulated,F20
2302,920,simulated,F20
2302,680,simulated,F20
2303,190,simulated,F20
2303,570,simulated,F20
2304,1050,simulated,F20
2305,450,simulated,F10
2306,1080,simulated,F20
2306,1030,simulated,F20
2307,930,simulated,F20
2307,1030,simulated,F20
2307,710,simulated,F20
2307,830,simulated,F20
2307,550,simulated,F20
2308,120,simulated,F20
2308,660,simulated,F20
2308,630,simulated,F20
2309,330,simulated,F13
2309,640,simulated,F13
2309,760,simulated,F13
2309,160,simulated,F13
2309,140,simulated,F13
2310,130,simulated,F20
2310,810,simulated,F20
2310,800,simulated,F20
2310,770,simulated,F20
2310,1060,simulated,F20
2311,520,simulated,F20
2311,880,simulated,F20
2311,420,simulated,F20
2312,360,simulated,F20
2312,1070,simulated,F20
2312,760,simulated,F20
2312,270,simulated,F20
2312,320,simulated,F20
2313,290,simulated,F9
2313,230,simulated,F9
2313,210,simulated,F9
2314,910,simulated,F17
2314,990,simulated,F17
2314,530,simulated,F17
2315,150,simulated,F16
2315,330,simulated,F16
2315,830,simulated,F16
2316,790,simulated,F18
2316,770,simulated,F18
2316,330,simulated,F18
2316,1040,simulated,F18
2316,320,simulated,F18
2317,300,simulated,F20
2317,770,simulated,F20
2317,980,simulated,F20
2317,660,simulated,F20
2318,710,simulated,F18
2318,910,simulated,F18
2318,310,simulated,F18
2319,830,simulated,F20
2319,120,simulated,F20
2320,120,simulated,F5
2321,680,simulated,F18
2321,700,simulated,F18
2321,670,simulated,F18
2321,1000,simulated,F18
2322,180,simulated,F20
2322,930,simulated,F20
2322,380,simulated,F20
2322,210,simulated,F20
2323,890,simulated,F19
2323,370,simulated,F19
2323,750,simulated,F19
2323,980,simulated,F19
2323,100,simulated,F19
2324,310,simulated,F20
2324,900,simulated,F20
2324,690,simulated,F20
2325,970,simulated,F20
2325,210,simulated,F20
2326,880,simulated,F20
2326,580,simulated,F20
2326,1080,simulated,F20
2326,650,simulated,F20
2327,740,simulated,F20
2327,940,simulated,F20
2328,780,simulated,F20
2328,740,simulated,F20
2328,970,simulated,F20
2328,920,simulated,F20
2328,1060,simulated,F20
2329,950,simulated,F20
2329,940,simulated,F20
2329,1050,simulated,F20
2330,370,simulated,F7
2330,330,simulated,F7
2330,180,simulated,F7
2330,220,simulated,F7
2331,560,simulated,F18
2331,900,simulated,F18
2331,150,simulated,F18
2331,990,simulated,F18
2332,290,simulated,F20
2332,900,simulated,F20
2332,1000,simulated,F20
2332,680,simulated,F20
2333,880,simulated,F20
2333,490,simulated,F20
2333,300,simulated,F20
2333,580,simulated,F20
2333,480,simulated,F20
2334,1070,simulated,F20
2334,870,simulated,F20
2334,270,simulated,F20
2334,360,simulated,F20
2334,320,simulated,F20
2335,340,simulated,F18
2335,780,simulated,F18
2335,860,simulated,F18
2335,490,simulated,F18
2335,740,simulated,F18
2336,100,simulated,F5
2336,170,simulated,F5
2337,720,simulated,F20
2337,680,simulated,F20
2337,910,simulated,F20
2337,300,simulated,F20
2337,970,simulated,F20
2338,140,simulated,F4
2339,620,simulated,F20
2339,890,simulated,F20
2339,870,simulated,F20
2339,950,simulated,F20
2339,1010,simulated,F20
2340,870,simulated,F19
2340,830,simulated,F19
2340,790,simulated,F19
2341,790,simulated,F20
2342,370,simulated,F20
2342,650,simulated,F20
2342,860,simulated,F20
2342,590,simulated,F20
2343,210,simulated,F20
2343,900,simulated,F20
2343,370,simulated,F20
2343,660,simulated,F20
2343,600,simulated,F20
2344,220,simulated,F20
2344,630,simulated,F20
2344,460,simulated,F20
2344,560,simulated,F20
2345,500,simulated,F10
2345,230,simulated,F10
2345,460,simulated,F10
2346,760,simulated,F14
2346,260,simulated,F14
2346,790,simulated,F14
2347,210,simulated,F20
2347,790,simulated,F20
2348,390,simulated,F20
2348,940,simulated,F20
2348,1050,simulated,F20
2348,370,simulated,F20
2348,140,simulated,F20
2349,670,simulated,F20
2349,570,simulated,F20
2349,1030,simulated,F20
2349,920,simulated,F20
2349,1040,simulated,F20
2350,170,simulated,F20
2350,460,simulated,F20
2350,960,simulated,F20
2350,760,simulated,F20
2350,150,simulated,F20
2351,550,simulated,F13
2351,150,simulated,F13
2351,570,simulated,F13
2351,410,simulated,F13
2351,720,simulated,F13
2352,780,simulated,F20
2352,350,simulated,F20
2353,100,simulated,F4
2354,460,simulated,F20
2354,510,simulated,F20
2355,940,simulated,F20
2356,790,simulated,F20
2356,120,simulated,F20
2356,840,simulated,F20
2357,1090,simulated,F19
2357,990,simulated,F19
2357,920,simulated,F19
2357,900,simulated,F19
2357,520,simulated,F19
2358,280,simulated,F20
2358,890,simulated,F20
2359,760,simulated,F20
2359,1030,simulated,F20
2359,280,simulated,F20
2360,900,simulated,F20
2360,990,simulated,F20
2360,650,simulated,F20
2360,580,simulated,F20
2360,680,simulated,F20
2361,1080,simulated,F20
2361,960,simulated,F20
2361,110,simulated,F20
2361,320,simulated,F20
2361,1090,simulated,F20
2362,760,simulated,F15
2362,560,simulated,F15
2362,620,simulated,F15
2363,870,simulated,F20
2363,290,simulated,F20
2364,160,simulated,F3
2365,870,simulated,F20
2365,800,simulated,F20
2365,250,simulated,F20
2365,810,simulated,F20
2365,790,simulated,F20
2366,620,simulated,F20
2366,360,simulated,F20
2366,1030,simulated,F20
2366,600,simulated,F20
2367,1070,simulated,F20
2367,350,simulated,F20
2367,1030,simulated,F20
2368,920,simulated,F20
2368,820,simulated,F20
2368,360,simulated,F20
2368,750,simulated,F20
2368,930,simulated,F20
2369,540,simulated,F20
2369,840,simulated,F20
2369,240,simulated,F20
2370,1090,simulated,F20
2371,270,simulated,F14
2371,120,simulated,F14
2371,690,simulated,F14
2372,790,simulated,F20
2372,1090,simulated,F20
2373,400,simulated,F20
2373,960,simulated,F20
2373,1020,simulated,F20
2374,690,simulated,F20
2374,680,simulated,F20
2374,120,simulated,F20
2374,780,simulated,F20
2375,790,simulated,F15
2375,300,simulated,F15
2375,220,simulated,F15
2376,860,simulated,F20
2376,1090,simulated,F20
2376,880,simulated,F20
2376,790,simulated,F20
2377,150,simulated,F20
2377,250,simulated,F20
2377,680,simulated,F20
2378,330,simulated,F7
2379,450,simulated,F12
2379,490,simulated,F12
2380,960,simulated,F20
2380,840,simulated,F20
2380,480,simulated,F20
2381,820,simulated,F20
2382,1060,simulated,F20
2382,640,simulated,F20
2383,1060,simulated,F20
2383,1020,simulated,F20
2383,100,simulated,F20
2384,290,simulated,F12
2384,150,simulated,F12
2384,130,simulated,F12
2384,670,simulated,F12
2384,420,simulated,F12
2385,420,simulated,F13
2386,850,simulated,F20
2386,310,simulated,F20
2386,530,simulated,F20
2386,460,simulated,F20
2386,400,simulated,F20
2387,950,simulated,F19
2387,260,simulated,F19
2387,320,simulated,F19
2387,860,simulated,F19
2388,240,simulated,F20
2388,300,simulated,F20
2388,480,simulated,F20
2388,640,simulated,F20
2389,1000,simulated,F17
2389,570,simulated,F17
2389,960,simulated,F17
2389,500,simulated,F17
2390,1070,simulated,F20
2390,1050,simulated,F20
2390,680,simulated,F20
2390,1080,simulated,F20
2391,130,simulated,F8
2391,180,simulated,F8
2391,220,simulated,F8
2391,400,simulated,F8
2392,470,simulated,F20
2392,560,simulated,F20
2392,300,simulated,F20
2392,1080,simulated,F20
2393,330,simulated,F20
2393,340,simulated,F20
2393,590,simulated,F20
2393,950,simulated,F20
2394,850,simulated,F20
2394,520,simulated,F20
2395,230,simulated,F11
2396,600,simulated,F20
2396,720,simulated,F20
2396,820,simulated,F20
2397,900,simulated,F20
2397,130,simulated,F20
2397,920,simulated,F20
2397,700,simulated,F20
2398,630,simulated,F20
2398,890,simulated,F20
2398,560,simulated,F20
2398,910,simulated,F20
2399,900,simulated,F20
2399,890,simulated,F20
2399,480,simulated,F20
2400,220,simulated,F20
2400,540,simulated,F20
2400,640,simulated,F20
2401,910,simulated,F20
2401,500,simulated,F20
2401,970,simulated,F20
2402,1050,simulated,F20
2402,230,simulated,F20
2402,120,simulated,F20
2402,550,simulated,F20
2403,200,simulated,F3
2404,710,simulated,F20
2404,310,simulated,F20
2404,1060,simulated,F20
2404,550,simulated,F20
2404,930,simulated,F20
2405,110,simulated,F20
2405,560,simulated,F20
2405,1070,simulated,F20
2405,380,simulated,F20
2405,580,simulated,F20
2406,150,simulated,F15
2406,740,simulated,F15
2407,120,simulated,F6
2407,220,simulated,F6
2407,320,simulated,F6
2408,600,simulated,F20
2408,990,simulated,F20
2408,160,simulated,F20
2408,1080,simulated,F20
2408,980,simulated,F20
2409,290,simulated,F9
2410,100,simulated,F19
2410,1010,simulated,F19
2410,570,simulated,F19
2410,1060,simulated,F19
2411,340,simulated,F7
2411,170,simulated,F7
2411,100,simulated,F7
2412,120,simulated,F20
2412,740,simulated,F20
2413,200,simulated,F20
2413,360,simulated,F20
2413,1070,simulated,F20
2413,1020,simulated,F20
2414,920,simulated,F19
2415,500,simulated,F20
2415,480,simulated,F20
2415,560,simulated,F20
2415,610,simulated,F20
2415,950,simulated,F20
2416,840,simulated,F20
2416,500,simulated,F20
2416,320,simulated,F20
2416,300,simulated,F20
2417,600,simulated,F20
2417,440,simulated,F20
2417,250,simulated,F20
2417,1020,simulated,F20
2418,520,simulated,F10
2419,240,simulated,F20
2419,1090,simulated,F20
2419,830,simulated,F20
2419,290,simulated,F20
2419,540,simulated,F20
2420,1000,simulated,F19
2420,100,simulated,F19
2420,1090,simulated,F19
2420,440,simulated,F19
2420,920,simulated,F19
2421,220,simulated,F20
2421,480,simulated,F20
2421,1070,simulated,F20
2422,170,simulated,F20
2422,350,simulated,F20
2422,510,simulated,F20
2423,470,simulated,F9
2424,810,simulated,F20
2424,180,simulated,F20
2424,960,simulated,F20
2424,340,simulated,F20
2425,140,simulated,F20
2425,550,simulated,F20
2425,380,simulated,F20
2426,250,simulated,F4
2427,510,simulated,F20
2427,1020,simulated,F20
2427,1010,simulated,F20
2427,980,simulated,F20
2428,960,simulated,F20
2429,150,simulated,F7
2429,260,simulated,F7
2429,300,simulated,F7
2430,620,simulated,F20
2430,730,simulated,F20
2431,210,simulated,F20
2431,690,simulated,F20
2432,610,simulated,F19
2432,420,simulated,F19
2432,180,simulated,F19
2432,190,simulated,F19
2432,930,simulated,F19
2433,430,simulated,F7
2434,900,simulated,F20
2434,870,simulated,F20
2434,290,simulated,F20
2435,1040,simulated,F19
2436,250,simulated,F20
2436,1030,simulated,F20
2436,550,simulated,F20
2437,410,simulated,F12
2437,180,simulated,F12
2437,330,simulated,F12
2438,500,simulated,F20
2438,880,simulated,F20
2439,980,simulated,F19
2439,900,simulated,F19
2439,860,simulated,F19
2439,650,simulated,F19
2440,1000,simulated,F20
2441,510,simulated,F20
2441,230,simulated,F20
2442,470,simulated,F20
2443,190,simulated,F20
2443,570,simulated,F20
2443,810,simulated,F20
2443,890,simulated,F20
2443,220,simulated,F20
2444,1030,simulated,F20
2444,830,simulated,F20
2444,110,simulated,F20
2444,900,simulated,F20
2445,950,simulated,F17
2445,120,simulated,F17
2445,330,simulated,F17
2446,760,simulated,F13
2447,140,simulated,F6
2448,480,simulated,F12
2448,650,simulated,F12
2448,130,simulated,F12
2448,530,simulated,F12
2449,810,simulated,F20
2449,1090,simulated,F20
2449,640,simulated,F20
2449,940,simulated,F20
2449,240,simulated,F20
2450,760,simulated,F20
2450,1070,simulated,F20
2450,700,simulated,F20
2450,650,simulated,F20
2451,680,simulated,F14
2451,610,simulated,F14
2452,890,simulated,F20
2452,900,simulated,F20
2452,950,simulated,F20
2453,580,simulated,F13
2454,530,simulated,F20
2454,590,simulated,F20
2454,310,simulated,F20
2454,920,simulated,F20
2455,170,simulated,F13
2455,740,simulated,F13
2456,1060,simulated,F20
2456,440,simulated,F20
2456,400,simulated,F20
2456,610,simulated,F20
2457,270,simulated,F20
2457,1060,simulated,F20
2457,390,simulated,F20
2458,740,simulated,F20
2458,990,simulated,F20
2458,160,simulated,F20
2458,940,simulated,F20
2458,200,simulated,F20
2459,640,simulated,F18
2460,1060,simulated,F20
2460,350,simulated,F20
2460,1040,simulated,F20
2460,890,simulated,F20
2461,370,simulated,F20
2461,460,simulated,F20
2461,650,simulated,F20
2461,440,simulated,F20
2461,170,simulated,F20
2462,220,simulated,F20
2462,390,simulated,F20
2462,1030,simulated,F20
2462,420,simulated,F20
2462,1060,simulated,F20
2463,330,simulated,F20
2463,170,simulated,F20
2463,400,simulated,F20
2463,1030,simulated,F20
2463,730,simulated,F20
2464,600,simulated,F20
2464,810,simulated,F20
2464,970,simulated,F20
2465,780,simulated,F20
2465,670,simulated,F20
2466,760,simulated,F20
2467,250,simulated,F6
2467,160,simulated,F6
2467,380,simulated,F6
2468,700,simulated,F15
2469,950,simulated,F20
2469,360,simulated,F20
2469,980,simulated,F20
2469,730,simulated,F20
2469,260,simulated,F20
2470,140,simulated,F17
2470,730,simulated,F17
2471,1020,simulated,F20
2471,660,simulated,F20
2471,300,simulated,F20
2471,420,simulated,F20
2472,640,simulated,F20
2472,940,simulated,F20
2472,440,simulated,F20
2472,600,simulated,F20
2472,770,simulated,F20
2473,530,simulated,F2
2474,280,simulated,F20
2474,640,simulated,F20
2474,1050,simulated,F20
2474,200,simulated,F20
2474,320,simulated,F20
2475,680,simulated,F20
2475,750,simulated,F20
2475,760,simulated,F20
2476,180,simulated,F4
2477,720,simulated,F20
2477,220,simulated,F20
2477,350,simulated,F20
2478,160,simulated,F4
2478,260,simulated,F4
2478,180,simulated,F4
2479,310,simulated,F20
2479,870,simulated,F20
2479,290,simulated,F20
2480,1060,simulated,F20
2480,290,simulated,F20
2480,380,simulated,F20
2480,620,simulated,F20
2480,330,simulated,F20
2481,190,simulated,F8
2481,480,simulated,F8
2482,900,simulated,F18
2482,860,simulated,F18
2482,810,simulated,F18
2483,450,simulated,F11
2483,490,simulated,F11
2484,520,simulated,F20
2484,540,simulated,F20
2484,950,simulated,F20
2484,550,simulated,F20
2485,920,simulated,F20
2486,430,simulated,F8
2486,370,simulated,F8
2487,220,simulated,F20
2487,190,simulated,F20
2487,790,simulated,F20
2487,410,simulated,F20
2487,740,simulated,F20
2488,840,simulated,F16
2488,390,simulated,F16
2489,330,simulated,F20
2489,710,simulated,F20
2490,910,simulated,F20
2490,740,simulated,F20
2490,180,simulated,F20
2490,310,simulated,F20
2490,930,simulated,F20
2491,890,simulated,F20
2491,990,simulated,F20
2491,950,simulated,F20
2491,620,simulated,F20
2491,770,simulated,F20
2492,780,simulated,F16
2493,990,simulated,F20
2493,1000,simulated,F20
2493,1050,simulated,F20
2494,130,simulated,F20
2494,570,simulated,F20
2494,680,simulated,F20
2494,1020,simulated,F20
2495,130,simulated,F17
2495,830,simulated,F17
2495,560,simulated,F17
2495,420,simulated,F17
2495,470,simulated,F17
2496,220,simulated,F20
2496,860,simulated,F20
2497,950,simulated,F20
2497,900,simulated,F20
2497,690,simulated,F20
2497,680,simulated,F20
2497,310,simulated,F20
2498,720,simulated,F20
2498,960,simulated,F20
2498,480,simulated,F20
2499,640,simulated,F20
2499,450,simulated,F20
2500,670,simulated,F20
2500,160,simulated,F20
2500,140,simulated,F20
2501,200,simulated,F16
2501,870,simulated,F16
2501,830,simulated,F16
2501,240,simulated,F16
2502,940,simulated,F20
2502,120,simulated,F20
2503,970,simulated,F20
2503,260,simulated,F20
2504,1070,simulated,F20
2504,680,simulated,F20
2505,790,simulated,F20
2505,590,simulated,F20
2505,970,simulated,F20
2506,440,simulated,F20
2506,490,simulated,F20
2506,760,simulated,F20
2506,310,simulated,F20
2506,450,simulated,F20
2507,1070,simulated,F20
2507,570,simulated,F20
2508,540,simulated,F17
2508,140,simulated,F17
2508,790,simulated,F17
2509,690,simulated,F20
2510,480,simulated,F13
2510,330,simulated,F13
2510,610,simulated,F13
2510,750,simulated,F13
2511,190,simulated,F14
2511,100,simulated,F14
2511,710,simulated,F14
2511,130,simulated,F14
2511,210,simulated,F14
2512,520,simulated,F19
2512,240,simulated,F19
2512,970,simulated,F19
2513,480,simulated,F20
2513,180,simulated,F20
2513,280,simulated,F20
2513,460,simulated,F20
2513,190,simulated,F20
2514,990,simulated,F17
2514,160,simulated,F17
2514,520,simulated,F17
2514,980,simulated,F17
2514,180,simulated,F17
2515,730,simulated,F20
2515,190,simulated,F20
2515,440,simulated,F20
2515,110,simulated,F20
2515,860,simulated,F20
2516,400,simulated,F19
2516,950,simulated,F19
2516,370,simulated,F19
2516,340,simulated,F19
2516,930,simulated,F19
2517,350,simulated,F20
2517,1050,simulated,F20
2517,710,simulated,F20
2517,820,simulated,F20
2517,570,simulated,F20
2518,1050,simulated,F20
2518,520,simulated,F20
2518,500,simulated,F20
2518,200,simulated,F20
2519,540,simulated,F10
2519,500,simulated,F10
2519,310,simulated,F10
2520,260,simulated,F20
2520,880,simulated,F20
2521,800,simulated,F20
2521,190,simulated,F20
2521,840,simulated,F20
2522,450,simulated,F20
2523,800,simulated,F20
2524,710,simulated,F20
2524,950,simulated,F20
2524,470,simulated,F20
2524,450,simulated,F20
2525,250,simulated,F20
2525,130,simulated,F20
2525,280,simulated,F20
2525,1040,simulated,F20
2525,830,simulated,F20
2526,1080,simulated,F20
2526,540,simulated,F20
2526,730,simulated,F20
2527,920,simulated,F20
2527,570,simulated,F20
2527,280,simulated,F20
2527,640,simulated,F20
2527,940,simulated,F20
2528,450,simulated,F20
2528,690,simulated,F20
2528,110,simulated,F20
2529,1070,simulated,F18
2530,700,simulated,F20
2530,470,simulated,F20
2530,670,simulated,F20
2530,680,simulated,F20
2530,1070,simulated,F20
2531,480,simulated,F15
2531,320,simulated,F15
2531,690,simulated,F15
2531,830,simulated,F15
2532,850,simulated,F19
2532,990,simulated,F19
2533,550,simulated,F20
2534,400,simulated,F20
2534,830,simulated,F20
2535,500,simulated,F9
2536,990,simulated,F18
2536,1090,simulated,F18
2536,340,simulated,F18
2536,750,simulated,F18
2536,670,simulated,F18
2537,290,simulated,F18
2537,1070,simulated,F18
2538,650,simulated,F20
2538,880,simulated,F20
2538,440,simulated,F20
2539,530,simulated,F11
2539,500,simulated,F11
2539,290,simulated,F11
2540,550,simulated,F20
2540,200,simulated,F20
2540,420,simulated,F20
2540,160,simulated,F20
2540,770,simulated,F20
2541,890,simulated,F20
2541,750,simulated,F20
2541,950,simulated,F20
2541,710,simulated,F20
2542,210,simulated,F16
2542,900,simulated,F16
2542,360,simulated,F16
2543,600,simulated,F17
2544,630,simulated,F20
2545,410,simulated,F11
2546,860,simulated,F20
2546,430,simulated,F20
2546,1020,simulated,F20
2546,1010,simulated,F20
2546,660,simulated,F20
2547,770,simulated,F17
2547,820,simulated,F17
2547,320,simulated,F17
2547,680,simulated,F17
2547,970,simulated,F17
2548,440,simulated,F20
2548,970,simulated,F20
2549,890,simulated,F17
2550,120,simulated,F20
2550,1050,simulated,F20
2550,500,simulated,F20
2550,150,simulated,F20
2551,550,simulated,F20
2551,240,simulated,F20
2551,220,simulated,F20
2551,580,simulated,F20
2551,1000,simulated,F20
2552,860,simulated,F20
2553,1020,simulated,F20
2553,310,simulated,F20
2554,200,simulated,F20
2554,700,simulated,F20
2554,470,simulated,F20
2554,320,simulated,F20
2555,410,simulated,F20
2555,320,simulated,F20
2555,960,simulated,F20
2556,760,simulated,F20
2556,980,simulated,F20
2556,560,simulated,F20
2556,410,simulated,F20
2557,450,simulated,F15
2557,650,simulated,F15
2558,620,simulated,F20
2558,1010,simulated,F20
2558,920,simulated,F20
2559,1080,simulated,F20
2560,620,simulated,F13
2560,470,simulated,F13
2560,400,simulated,F13
2561,560,simulated,F20
2561,130,simulated,F20
2561,400,simulated,F20
2561,790,simulated,F20
2561,690,simulated,F20
2562,1030,simulated,F20
2562,1070,simulated,F20
2562,1050,simulated,F20
2562,530,simulated,F20
2562,140,simulated,F20
2563,110,simulated,F17
2563,120,simulated,F17
2563,690,simulated,F17
2563,840,simulated,F17
2563,370,simulated,F17
2564,800,simulated,F15
2564,560,simulated,F15
2564,110,simulated,F15
2564,570,simulated,F15
2565,680,simulated,F20
2566,950,simulated,F20
2567,920,simulated,F20
2567,290,simulated,F20
2567,190,simulated,F20
2567,100,simulated,F20
2568,700,simulated,F20
2568,810,simulated,F20
2569,320,simulated,F6
2570,400,simulated,F14
2570,820,simulated,F14
2570,340,simulated,F14
2570,480,simulated,F14
2571,400,simulated,F2
2572,730,simulated,F20
2573,500,simulated,F20
2573,1060,simulated,F20
2573,700,simulated,F20
2574,570,simulated,F11
2574,520,simulated,F11
2575,260,simulated,F18
2575,330,simulated,F18
2576,200,simulated,F5
2576,270,simulated,F5
2576,160,simulated,F5
2577,930,simulated,F20
2577,460,simulated,F20
2577,940,simulated,F20
2578,1040,simulated,F20
2578,960,simulated,F20
2578,590,simulated,F20
2579,910,simulated,F20
2580,210,simulated,F20
2580,260,simulated,F20
2580,980,simulated,F20
2581,230,simulated,F20
2581,660,simulated,F20
2581,710,simulated,F20
2581,490,simulated,F20
2581,1000,simulated,F20
2582,1030,simulated,F20
2582,500,simulated,F20
2582,640,simulated,F20
2583,700,simulated,F17
2583,210,simulated,F17
2583,870,simulated,F17
2583,240,simulated,F17
2583,350,simulated,F17
2584,450,simulated,F17
2584,970,simulated,F17
2585,610,simulated,F16
2586,910,simulated,F20
2586,430,simulated,F20
2587,1030,simulated,F20
2587,860,simulated,F20
2588,160,simulated,F16
2588,480,simulated,F16
2588,100,simulated,F16
2588,740,simulated,F16
2589,870,simulated,F20
2589,860,simulated,F20
2590,750,simulated,F20
2590,1030,simulated,F20
2590,680,simulated,F20
2590,400,simulated,F20
2590,790,simulated,F20
2591,750,simulated,F20
2591,540,simulated,F20
2591,640,simulated,F20
2591,440,simulated,F20
2591,760,simulated,F20
2592,170,simulated,F20
2592,1000,simulated,F20
2593,290,simulated,F20
2593,660,simulated,F20
2593,100,simulated,F20
2593,970,simulated,F20
2593,480,simulated,F20
2594,220,simulated,F11
2594,560,simulated,F11
2595,530,simulated,F20
2596,570,simulated,F10
2596,440,simulated,F10
2596,590,simulated,F10
2597,810,simulated,F15
2597,380,simulated,F15
2597,350,simulated,F15
2597,260,simulated,F15
2597,610,simulated,F15
2598,840,simulated,F20
2598,770,simulated,F20
2598,690,simulated,F20
2598,1030,simulated,F20
2598,1080,simulated,F20
2599,1030,simulated,F20
2599,420,simulated,F20
2599,620,simulated,F20
2599,640,simulated,F20
2600,180,simulated,F19
2600,500,simulated,F19
2600,830,simulated,F19
2600,190,simulated,F19
2601,630,simulated,F20
2602,530,simulated,F20
2602,990,simulated,F20
2602,160,simulated,F20
2602,120,simulated,F20
2603,680,simulated,F14
2604,490,simulated,F14
2604,500,simulated,F14
2604,520,simulated,F14
2604,320,simulated,F14
2604,710,simulated,F14
2605,700,simulated,F18
2605,520,simulated,F18
2605,580,simulated,F18
2605,640,simulated,F18
2605,460,simulated,F18
2606,460,simulated,F20
2606,680,simulated,F20
2607,780,simulated,F20
2607,500,simulated,F20
2607,700,simulated,F20
2608,420,simulated,F7
2609,270,simulated,F8
2610,230,simulated,F14
2610,220,simulated,F14
2610,620,simulated,F14
2611,810,simulated,F20
2611,390,simulated,F20
2612,920,simulated,F20
2612,270,simulated,F20
2612,1080,simulated,F20
2612,170,simulated,F20
2613,360,simulated,F20
2613,970,simulated,F20
2613,460,simulated,F20
2613,530,simulated,F20
2613,350,simulated,F20
2614,1090,simulated,F20
2614,110,simulated,F20
2614,190,simulated,F20
2614,220,simulated,F20
2615,900,simulated,F20
2615,1090,simulated,F20
2615,1050,simulated,F20
2616,210,simulated,F20
2616,350,simulated,F20
2616,1050,simulated,F20
2616,270,simulated,F20
2617,1040,simulated,F20
2617,1000,simulated,F20
2617,330,simulated,F20
2617,680,simulated,F20
2618,470,simulated,F9
2618,440,simulated,F9
2619,190,simulated,F20
2619,580,simulated,F20
2619,1060,simulated,F20
2619,350,simulated,F20
2620,390,simulated,F20
2620,620,simulated,F20
2620,960,simulated,F20
2620,570,simulated,F20
2620,790,simulated,F20
2621,790,simulated,F20
2621,960,simulated,F20
2621,990,simulated,F20
2621,980,simulated,F20
2621,640,simulated,F20
2622,270,simulated,F20
2622,750,simulated,F20
2623,170,simulated,F20
2623,870,simulated,F20
2623,550,simulated,F20
2623,520,simulated,F20
2623,140,simulated,F20
2624,1030,simulated,F18
2624,710,simulated,F18
2624,1050,simulated,F18
2624,150,simulated,F18
2624,730,simulated,F18
2625,990,simulated,F20
2625,1080,simulated,F20
2625,970,simulated,F20
2626,620,simulated,F20
2626,190,simulated,F20
2626,900,simulated,F20
2627,380,simulated,F20
2627,140,simulated,F20
2627,300,simulated,F20
2627,630,simulated,F20
2627,770,simulated,F20
2628,160,simulated,F20
2628,1070,simulated,F20
2628,340,simulated,F20
2628,1020,simulated,F20
2629,480,simulated,F15
2629,270,simulated,F15
2629,750,simulated,F15
2630,730,simulated,F20
2631,1020,simulated,F20
2631,550,simulated,F20
2631,180,simulated,F20
2631,1090,simulated,F20
2632,100,simulated,F20
2632,1060,simulated,F20
2633,280,simulated,F20
2633,630,simulated,F20
2633,730,simulated,F20
2633,660,simulated,F20
2633,990,simulated,F20
2634,400,simulated,F20
2634,110,simulated,F20
2634,280,simulated,F20
2634,930,simulated,F20
2635,140,simulated,F4
2635,190,simulated,F4
2636,940,simulated,F20
2636,270,simulated,F20
2636,880,simulated,F20
2636,520,simulated,F20
2637,470,simulated,F11
2638,160,simulated,F20
2638,790,simulated,F20
2638,1000,simulated,F20
2638,860,simulated,F20
2639,680,simulated,F16
2639,860,simulated,F16
2639,200,simulated,F16
2640,290,simulated,F6
2640,380,simulated,F6
2640,260,simulated,F6
2641,1070,simulated,F20
2641,200,simulated,F20
2641,550,simulated,F20
2642,280,simulated,F12
2642,290,simulated,F12
2642,630,simulated,F12
2643,730,simulated,F20
2643,360,simulated,F20
2643,860,simulated,F20
2643,560,simulated,F20
2643,910,simulated,F20
2644,320,simulated,F9
2644,470,simulated,F9
2645,340,simulated,F18
2645,790,simulated,F18
2645,1000,simulated,F18
2646,730,simulated,F13
2647,800,simulated,F14
2647,310,simulated,F14
2647,380,simulated,F14
2647,110,simulated,F14
2647,730,simulated,F14
2648,240,simulated,F20
2648,500,simulated,F20
2648,850,simulated,F20
2648,710,simulated,F20
2648,820,simulated,F20
2649,280,simulated,F11
2649,130,simulated,F11
2649,450,simulated,F11
2649,370,simulated,F11
2650,660,simulated,F20
2650,210,simulated,F20
2651,680,simulated,F20
2651,580,simulated,F20
2651,790,simulated,F20
2651,420,simulated,F20
2652,810,simulated,F20
2652,1010,simulated,F20
2652,150,simulated,F20
2653,480,simulated,F8
2654,560,simulated,F11
2655,470,simulated,F20
2655,240,simulated,F20
2655,1050,simulated,F20
2656,730,simulated,F18
2656,360,simulated,F18
2656,780,simulated,F18
2657,800,simulated,F15
2657,280,simulated,F15
2657,600,simulated,F15
2657,820,simulated,F15
2657,490,simulated,F15
2658,770,simulated,F20
2658,840,simulated,F20
2659,630,simulated,F20
2659,420,simulated,F20
2659,200,simulated,F20
2660,640,simulated,F13
2660,170,simulated,F13
2660,770,simulated,F13
2661,640,simulated,F15
2662,710,simulated,F14
2663,370,simulated,F12
2663,530,simulated,F12
2663,160,simulated,F12
2663,110,simulated,F12
2664,1000,simulated,F20
2664,710,simulated,F20
2665,220,simulated,F20
2665,210,simulated,F20
2665,700,simulated,F20
2665,930,simulated,F20
2665,620,simulated,F20
2666,220,simulated,F13
2666,690,simulated,F13
2666,640,simulated,F13
2667,480,simulated,F9
2667,300,simulated,F9
2667,240,simulated,F9
2668,440,simulated,F12
2668,570,simulated,F12
2668,360,simulated,F12
2668,270,simulated,F12
2668,560,simulated,F12
2669,400,simulated,F20
2669,830,simulated,F20
2670,250,simulated,F16
2670,710,simulated,F16
2670,470,simulated,F16
2670,190,simulated,F16
2670,700,simulated,F16
2671,920,simulated,F20
2671,760,simulated,F20
2671,410,simulated,F20
2671,1070,simulated,F20
2671,780,simulated,F20
2672,760,simulated,F20
2672,640,simulated,F20
2672,940,simulated,F20
2672,570,simulated,F20
2672,170,simulated,F20
2673,250,simulated,F14
2673,330,simulated,F14
2674,890,simulated,F20
2674,580,simulated,F20
2674,1090,simulated,F20
2674,160,simulated,F20
2674,240,simulated,F20
2675,120,simulated,F20
2675,640,simulated,F20
2675,530,simulated,F20
2675,1080,simulated,F20
2676,240,simulated,F20
2676,950,simulated,F20
2676,350,simulated,F20
2676,260,simulated,F20
2677,670,simulated,F20
2677,1060,simulated,F20
2677,1080,simulated,F20
2677,940,simulated,F20
2678,790,simulated,F20
2678,310,simulated,F20
2678,890,simulated,F20
2679,1000,simulated,F2
2679,660,simulated,F2
2679,300,simulated,F2
2679,140,simulated,F2
2679,710,simulated,F2
2680,100,simulated,F3
2681,600,simulated,F20
2681,460,simulated,F20
2682,880,simulated,F20
2682,320,simulated,F20
2682,260,simulated,F20
2683,570,simulated,F20
2683,890,simulated,F20
2683,510,simulated,F20
2683,240,simulated,F20
2684,350,simulated,F19
2684,1030,simulated,F19
2685,420,simulated,F10
2685,350,simulated,F10
2686,150,simulated,F20
2686,740,simulated,F20
2686,470,simulated,F20
2686,860,simulated,F20
2687,280,simulated,F20
2687,590,simulated,F20
2687,890,simulated,F20
2688,790,simulated,F20
2688,330,simulated,F20
2689,340,simulated,F20
2689,1010,simulated,F20
2689,470,simulated,F20
2689,1050,simulated,F20
2690,590,simulated,F10
2690,170,simulated,F10
2690,370,simulated,F10
2691,360,simulated,F16
2691,530,simulated,F16
2692,450,simulated,F20
2692,650,simulated,F20
2693,590,simulated,F10
2694,530,simulated,F18
2694,840,simulated,F18
2694,580,simulated,F18
2695,1060,simulated,F20
2695,970,simulated,F20
2695,580,simulated,F20
2696,850,simulated,F20
2696,760,simulated,F20
2696,890,simulated,F20
2696,1080,simulated,F20
2696,1050,simulated,F20
2697,600,simulated,F10
2698,500,simulated,F9
2699,230,simulated,F4
2700,680,simulated,F20
2701,920,simulated,F20
2701,850,simulated,F20
2701,450,simulated,F20
2702,960,simulated,F20
2702,290,simulated,F20
2702,680,simulated,F20
2703,840,simulated,F20
2703,550,simulated,F20
2703,360,simulated,F20
2703,790,simulated,F20
2703,820,simulated,F20
2704,640,simulated,F13
2704,260,simulated,F13
2704,130,simulated,F13
2705,1010,simulated,F20
2706,200,simulated,F9
2706,460,simulated,F9
2707,380,simulated,F20
2707,190,simulated,F20
2707,420,simulated,F20
2707,730,simulated,F20
2708,230,simulated,F20
2708,900,simulated,F20
2708,510,simulated,F20
2708,490,simulated,F20
2708,220,simulated,F20
2709,100,simulated,F20
2709,280,simulated,F20
2709,110,simulated,F20
2709,950,simulated,F20
2710,770,simulated,F20
2710,740,simulated,F20
2710,950,simulated,F20
2711,600,simulated,F20
2711,910,simulated,F20
2711,1020,simulated,F20
2712,260,simulated,F11
2712,550,simulated,F11
2712,480,simulated,F11
2713,940,simulated,F20
2713,410,simulated,F20
2713,400,simulated,F20
2713,710,simulated,F20
2713,360,simulated,F20
2714,640,simulated,F20
2714,140,simulated,F20
2714,900,simulated,F20
2715,370,simulated,F20
2715,1010,simulated,F20
2715,750,simulated,F20
2716,1080,simulated,F20
2716,1090,simulated,F20
2716,350,simulated,F20
2716,410,simulated,F20
2716,730,simulated,F20
2717,380,simulated,F20
2717,600,simulated,F20
2717,780,simulated,F20
2718,530,simulated,F14
2719,540,simulated,F10
2720,530,simulated,F20
2720,870,simulated,F20
2720,1060,simulated,F20
2720,290,simulated,F20
2721,310,simulated,F17
2721,780,simulated,F17
2721,390,simulated,F17
2721,380,simulated,F17
2721,470,simulated,F17
2722,780,simulated,F15
2722,340,simulated,F15
2722,310,simulated,F15
2722,350,simulated,F15
2723,180,simulated,F11
2723,600,simulated,F11
2723,470,simulated,F11
2724,500,simulated,F11
2724,550,simulated,F11
2724,290,simulated,F11
2725,540,simulated,F20
2725,520,simulated,F20
2725,790,simulated,F20
2725,340,simulated,F20
2726,870,simulated,F20
2727,340,simulated,F20
2727,490,simulated,F20
2727,980,simulated,F20
2727,260,simulated,F20
2728,470,simulated,F20
2728,400,simulated,F20
2728,860,simulated,F20
2728,440,simulated,F20
2728,660,simulated,F20
2729,640,simulated,F14
2729,240,simulated,F14
2729,420,simulated,F14
2729,810,simulated,F14
2730,800,simulated,F20
2730,180,simulated,F20
2730,780,simulated,F20
2731,730,simulated,F19
2732,810,simulated,F20
2732,1020,simulated,F20
2733,1020,simulated,F20
2734,360,simulated,F20
2734,960,simulated,F20
2734,120,simulated,F20
2734,230,simulated,F20
2735,1080,simulated,F19
2735,260,simulated,F19
2736,110,simulated,F20
2736,850,simulated,F20
2736,770,simulated,F20
2736,530,simulated,F20
2736,980,simulated,F20
2737,1010,simulated,F20
2737,360,simulated,F20
2737,420,simulated,F20
2737,110,simulated,F20
2738,550,simulated,F20
2739,610,simulated,F20
2739,820,simulated,F20
2739,600,simulated,F20
2739,560,simulated,F20
2739,180,simulated,F20
2740,790,simulated,F20
2740,980,simulated,F20
2740,690,simulated,F20
2740,290,simulated,F20
2740,390,simulated,F20
2741,980,simulated,F20
2742,570,simulated,F18
2742,330,simulated,F18
2742,1010,simulated,F18
2742,440,simulated,F18
2743,620,simulated,F20
2743,1090,simulated,F20
2744,130,simulated,F20
2744,770,simulated,F20
2744,270,simulated,F20
2745,300,simulated,F17
2745,250,simulated,F17
2745,960,simulated,F17
2746,870,simulated,F20
2746,820,simulated,F20
2746,510,simulated,F20
2747,870,simulated,F20
2748,320,simulated,F19
2748,1010,simulated,F19
2748,260,simulated,F19
2748,1070,simulated,F19
2748,670,simulated,F19
2749,730,simulated,F15
2749,250,simulated,F15
2749,440,simulated,F15
2749,210,simulated,F15
2750,830,simulated,F20
2750,700,simulated,F20
2751,230,simulated,F20
2751,1070,simulated,F20
2751,110,simulated,F20
2752,270,simulated,F7
2753,440,simulated,F10
2754,980,simulated,F20
2754,430,simulated,F20
2754,340,simulated,F20
2754,780,simulated,F20
2754,480,simulated,F20
2755,820,simulated,F18
2755,440,simulated,F18
2755,540,simulated,F18
2756,640,simulated,F20
2757,1090,simulated,F20
2757,1030,simulated,F20
2758,340,simulated,F9
2758,310,simulated,F9
2759,560,simulated,F15
2759,760,simulated,F15
2760,390,simulated,F7
2761,290,simulated,F20
2761,1060,simulated,F20
2761,570,simulated,F20
2761,330,simulated,F20
2761,600,simulated,F20
2762,570,simulated,F20
2762,1060,simulated,F20
2763,110,simulated,F3
2764,410,simulated,F7
2765,680,simulated,F16
2765,560,simulated,F16
2765,540,simulated,F16
2765,610,simulated,F16
2766,900,simulated,F20
2766,740,simulated,F20
2766,220,simulated,F20
2767,1000,simulated,F20
2768,910,simulated,F19
2768,290,simulated,F19
2768,110,simulated,F19
2769,110,simulated,F20
2769,700,simulated,F20
2769,900,simulated,F20
2769,520,simulated,F20
2769,570,simulated,F20
2770,170,simulated,F3
2770,200,simulated,F3
2771,660,simulated,F15
2771,320,simulated,F15
2771,760,simulated,F15
2771,550,simulated,F15
2772,310,simulated,F10
2772,600,simulated,F10
2772,380,simulated,F10
2773,560,simulated,F10
2774,750,simulated,F17
2774,700,simulated,F17
2774,350,simulated,F17
2774,890,simulated,F17
2774,830,simulated,F17
2775,860,simulated,F20
2775,510,simulated,F20
2775,310,simulated,F20
2775,840,simulated,F20
2775,970,simulated,F20
2776,510,simulated,F15
2776,310,simulated,F15
2776,770,simulated,F15
2776,840,simulated,F15
2776,500,simulated,F15
2777,480,simulated,F18
2777,910,simulated,F18
2777,260,simulated,F18
2778,280,simulated,F20
2778,490,simulated,F20
2778,610,simulated,F20
2778,620,simulated,F20
2779,1010,simulated,F20
2779,660,simulated,F20
2779,720,simulated,F20
2779,900,simulated,F20
2780,700,simulated,F20
2780,840,simulated,F20
2780,570,simulated,F20
2780,550,simulated,F20
2780,450,simulated,F20
2781,940,simulated,F20
2781,130,simulated,F20
2781,140,simulated,F20
2782,1040,simulated,F20
2783,470,simulated,F19
2783,540,simulated,F19
2783,720,simulated,F19
2783,890,simulated,F19
2784,970,simulated,F20
2784,310,simulated,F20
2784,430,simulated,F20
2784,690,simulated,F20
2784,220,simulated,F20
2785,1030,simulated,F20
2785,510,simulated,F20
2785,990,simulated,F20
2786,810,simulated,F20
2786,270,simulated,F20
2786,340,simulated,F20
2787,900,simulated,F20
2787,510,simulated,F20
2788,580,simulated,F20
2788,700,simulated,F20
2788,960,simulated,F20
2789,370,simulated,F19
2789,1070,simulated,F19
2789,520,simulated,F19
2789,1050,simulated,F19
2790,210,simulated,F11
2791,570,simulated,F20
2791,920,simulated,F20
2792,890,simulated,F20
2792,370,simulated,F20
2793,520,simulated,F11
2794,540,simulated,F20
2795,920,simulated,F20
2795,620,simulated,F20
2795,410,simulated,F20
2795,480,simulated,F20
2795,660,simulated,F20
2796,110,simulated,F20
2796,340,simulated,F20
2796,950,simulated,F20
2797,390,simulated,F20
2797,180,simulated,F20
2797,1020,simulated,F20
2798,300,simulated,F19
2798,320,simulated,F19
2798,1020,simulated,F19
2798,440,simulated,F19
2798,770,simulated,F19
2799,820,simulated,F20
2799,350,simulated,F20
2799,380,simulated,F20
2799,270,simulated,F20
2799,1080,simulated,F20
2800,250,simulated,F20
2800,690,simulated,F20
2801,290,simulated,F20
2801,980,simulated,F20
2801,1010,simulated,F20
2801,200,simulated,F20
2801,660,simulated,F20
2802,160,simulated,F6
2803,930,simulated,F20
2803,1000,simulated,F20
2803,890,simulated,F20
2804,410,simulated,F13
2804,770,simulated,F13
2804,320,simulated,F13
2804,650,simulated,F13
2805,940,simulated,F19
2806,850,simulated,F20
2806,600,simulated,F20
2807,680,simulated,F20
2808,400,simulated,F20
2808,650,simulated,F20
2808,760,simulated,F20
2809,640,simulated,F20
2809,830,simulated,F20
2809,1050,simulated,F20
2809,910,simulated,F20
2809,390,simulated,F20
2810,780,simulated,F20
2810,670,simulated,F20
2810,1000,simulated,F20
2810,870,simulated,F20
2810,700,simulated,F20
2811,280,simulated,F6
2812,290,simulated,F20
2812,740,simulated,F20
2813,880,simulated,F20
2813,690,simulated,F20
2813,500,simulated,F20
2813,890,simulated,F20
2813,770,simulated,F20
2814,710,simulated,F20
2814,140,simulated,F20
2814,610,simulated,F20
2814,990,simulated,F20
2814,180,simulated,F20
2815,320,simulated,F8
2815,480,simulated,F8
2816,490,simulated,F20
2816,510,simulated,F20
2816,800,simulated,F20
2816,500,simulated,F20
2816,830,simulated,F20
2817,420,simulated,F20
2817,250,simulated,F20
2817,260,simulated,F20
2817,1090,simulated,F20
2818,500,simulated,F9
2819,310,simulated,F8
2819,180,simulated,F8
2820,180,simulated,F3
2821,550,simulated,F20
2821,720,simulated,F20
2821,850,simulated,F20
2821,580,simulated,F20
2822,190,simulated,F20
2822,540,simulated,F20
2823,130,simulated,F20
2823,560,simulated,F20
2823,780,simulated,F20
2823,940,simulated,F20
2823,240,simulated,F20
2824,290,simulated,F20
2824,860,simulated,F20
2825,550,simulated,F18
2825,770,simulated,F18
2825,930,simulated,F18
2825,220,simulated,F18
2825,650,simulated,F18
2826,350,simulated,F6
2827,180,simulated,F20
2827,1040,simulated,F20
2827,1030,simulated,F20
2827,410,simulated,F20
2827,390,simulated,F20
2828,1070,simulated,F20
2828,760,simulated,F20
2828,1040,simulated,F20
2828,1030,simulated,F20
2828,800,simulated,F20
2829,670,simulated,F14
2830,930,simulated,F20
2830,810,simulated,F20
2830,360,simulated,F20
2830,700,simulated,F20
2831,290,simulated,F18
2831,630,simulated,F18
2831,390,simulated,F18
2831,1080,simulated,F18
2831,980,simulated,F18
2832,910,simulated,F20
2832,1020,simulated,F20
2832,1080,simulated,F20
2832,290,simulated,F20
2833,1020,simulated,F20
2834,820,simulated,F15
2834,450,simulated,F15
2834,810,simulated,F15
2835,400,simulated,F20
2835,830,simulated,F20
2835,680,simulated,F20
2835,730,simulated,F20
2835,520,simulated,F20
2836,980,simulated,F20
2836,250,simulated,F20
2837,340,simulated,F6
2838,410,simulated,F20
2838,780,simulated,F20
2839,860,simulated,F20
2839,780,simulated,F20
2839,480,simulated,F20
2839,1050,simulated,F20
2839,810,simulated,F20
2840,620,simulated,F20
2841,800,simulated,F20
2841,190,simulated,F20
2841,430,simulated,F20
2841,780,simulated,F20
2841,1040,simulated,F20
2842,650,simulated,F15
2842,200,simulated,F15
2842,730,simulated,F15
2842,670,simulated,F15
