order_id,item_id,order_type,site
1,1070,real,F20
1,810,real,F20
1,250,real,F20
2,650,real,F20
3,940,real,F20
4,350,real,F9
5,330,real,F14
5,570,real,F14
5,130,real,F14
5,680,real,F14
6,500,real,F19
6,240,real,F19
7,800,real,F15
7,730,real,F15
7,300,real,F15
7,100,real,F15
8,810,real,F19
8,1030,real,F19
8,1080,real,F19
8,760,real,F19
9,530,real,F19
9,820,real,F19
10,420,real,F20
10,990,real,F20
10,270,real,F20
10,590,real,F20
10,110,real,F20
11,270,real,F2
11,550,real,F2
11,490,real,F2
11,290,real,F2
12,900,real,F20
12,330,real,F20
13,990,real,F20
13,1020,real,F20
14,820,real,F20
14,950,real,F20
14,550,real,F20
14,530,real,F20
15,240,real,F17
15,790,real,F17
16,470,real,F8
16,270,real,F8
17,960,real,F20
17,420,real,F20
17,210,real,F20
17,750,real,F20
18,1020,real,F20
18,430,real,F20
18,390,real,F20
18,930,real,F20
18,380,real,F20
19,470,real,F8
20,900,real,F20
20,100,real,F20
20,940,real,F20
20,590,real,F20
20,920,real,F20
21,370,real,F20
21,880,real,F20
21,1020,real,F20
22,760,real,F20
22,390,real,F20
22,990,real,F20
23,900,real,F20
23,750,real,F20
23,760,real,F20
23,980,real,F20
24,320,real,F20
24,540,real,F20
24,600,real,F20
24,220,real,F20
25,830,real,F20
26,560,real,F20
26,160,real,F20
26,500,real,F20
26,860,real,F20
27,1040,real,F20
27,990,real,F20
27,330,real,F20
28,820,real,F20
29,160,real,F5
30,250,real,F20
30,940,real,F20
30,970,real,F20
30,1040,real,F20
30,1020,real,F20
31,270,real,F6
31,170,real,F6
31,330,real,F6
31,380,real,F6
32,100,real,F20
32,990,real,F20
33,630,real,F16
33,100,real,F16
34,850,real,F20
34,730,real,F20
35,690,real,F20
36,650,real,F20
37,580,real,F13
37,520,real,F13
38,1080,real,F20
38,530,real,F20
38,350,real,F20
38,790,real,F20
39,880,real,F20
39,680,real,F20
40,370,real,F20
40,650,real,F20
41,1030,real,F20
41,210,real,F20
41,1070,real,F20
41,260,real,F20
42,110,real,F18
42,980,real,F18
42,100,real,F18
42,580,real,F18
42,740,real,F18
43,910,real,F20
43,820,real,F20
43,270,real,F20
43,400,real,F20
43,250,real,F20
44,400,real,F20
44,120,real,F20
44,700,real,F20
45,870,real,F18
45,780,real,F18
45,550,real,F18
45,590,real,F18
45,820,real,F18
46,640,real,F12
47,340,real,F20
47,620,real,F20
47,960,real,F20
48,1000,real,F20
48,910,real,F20
48,890,real,F20
48,660,real,F20
48,680,real,F20
49,930,real,F20
49,770,real,F20
49,680,real,F20
50,1000,real,F20
50,870,real,F20
50,840,real,F20
50,980,real,F20
51,790,real,F15
51,320,real,F15
52,1080,real,F20
52,500,real,F20
52,120,real,F20
53,670,real,F20
53,890,real,F20
53,610,real,F20
53,640,real,F20
54,130,real,F4
55,870,real,F19
55,770,real,F19
55,1060,real,F19
56,390,real,F18
56,270,real,F18
56,300,real,F18
56,1020,real,F18
57,650,real,F15
57,720,real,F15
58,730,real,F20
58,360,real,F20
59,540,real,F20
59,470,real,F20
59,460,real,F20
59,370,real,F20
60,690,real,F20
60,710,real,F20
60,700,real,F20
60,850,real,F20
60,1080,real,F20
61,420,real,F20
61,510,real,F20
62,800,real,F20
62,280,real,F20
63,1070,real,F20
63,670,real,F20
63,640,real,F20
63,350,real,F20
64,1010,real,F20
64,150,real,F20
64,630,real,F20
64,460,real,F20
65,940,real,F20
65,140,real,F20
65,990,real,F20
65,720,real,F20
65,790,real,F20
66,620,real,F17
66,180,real,F17
66,240,real,F17
67,590,real,F2
68,730,real,F16
68,690,real,F16
69,1090,real,F20
69,360,real,F20
69,630,real,F20
69,930,real,F20
70,690,real,F20
70,210,real,F20
71,720,real,F19
71,800,real,F19
71,900,real,F19
71,780,real,F19
72,370,real,F20
72,490,real,F20
72,420,real,F20
72,800,real,F20
72,620,real,F20
73,390,real,F20
73,750,real,F20
73,950,real,F20
73,510,real,F20
73,350,real,F20
74,870,real,F20
74,610,real,F20
74,990,real,F20
74,160,real,F20
74,920,real,F20
75,800,real,F20
75,810,real,F20
76,810,real,F16
76,700,real,F16
76,630,real,F16
76,380,real,F16
76,120,real,F16
77,140,real,F4
77,210,real,F4
78,540,real,F15
78,710,real,F15
78,140,real,F15
79,470,real,F8
80,560,real,F20
80,390,real,F20
81,890,real,F18
81,280,real,F18
82,430,real,F7
83,230,real,F20
84,480,real,F9
85,500,real,F20
85,760,real,F20
86,730,real,F20
86,1050,real,F20
86,970,real,F20
86,380,real,F20
86,700,real,F20
87,590,real,F20
87,660,real,F20
87,160,real,F20
87,1030,real,F20
88,1010,real,F20
88,430,real,F20
89,660,real,F20
89,930,real,F20
89,600,real,F20
89,860,real,F20
90,160,real,F5
91,670,real,F15
91,400,real,F15
91,690,real,F15
91,410,real,F15
92,880,real,F20
92,960,real,F20
92,770,real,F20
93,380,real,F20
93,400,real,F20
93,1000,real,F20
93,390,real,F20
94,420,real,F20
94,130,real,F20
95,650,real,F19
95,570,real,F19
95,1040,real,F19
95,450,real,F19
95,710,real,F19
96,490,real,F16
96,860,real,F16
96,220,real,F16
96,890,real,F16
97,700,real,F16
97,430,real,F16
97,290,real,F16
97,900,real,F16
98,840,real,F20
98,1080,real,F20
99,1070,real,F20
99,120,real,F20
99,240,real,F20
99,150,real,F20
100,440,real,F20
100,420,real,F20
100,680,real,F20
100,460,real,F20
100,340,real,F20
101,110,real,F11
101,500,real,F11
101,490,real,F11
101,450,real,F11
101,560,real,F11
102,970,real,F20
102,780,real,F20
102,680,real,F20
103,110,real,F20
103,980,real,F20
104,280,real,F20
104,880,real,F20
104,1000,real,F20
104,360,real,F20
105,1020,real,F20
105,1070,real,F20
105,580,real,F20
105,790,real,F20
106,220,real,F6
107,660,real,F20
107,680,real,F20
107,620,real,F20
108,220,real,F7
109,780,real,F20
110,530,real,F11
110,520,real,F11
111,1000,real,F20
112,680,real,F20
112,450,real,F20
112,170,real,F20
113,840,real,F18
113,670,real,F18
113,750,real,F18
113,520,real,F18
114,180,real,F20
114,840,real,F20
114,230,real,F20
114,340,real,F20
115,560,real,F20
115,1020,real,F20
115,470,real,F20
116,770,real,F20
116,170,real,F20
116,350,real,F20
117,640,real,F15
117,230,real,F15
118,1070,real,F20
118,950,real,F20
119,1080,real,F20
119,1020,real,F20
119,1070,real,F20
120,560,real,F20
120,470,real,F20
120,980,real,F20
121,300,real,F20
121,1080,real,F20
121,110,real,F20
121,730,real,F20
122,820,real,F14
122,560,real,F14
122,630,real,F14
122,650,real,F14
123,1050,real,F20
124,190,real,F9
124,170,real,F9
124,460,real,F9
125,980,real,F20
126,1080,real,F20
126,130,real,F20
127,370,real,F20
127,490,real,F20
127,510,real,F20
127,860,real,F20
128,250,real,F6
129,670,real,F20
129,320,real,F20
129,1000,real,F20
130,750,real,F20
131,730,real,F20
131,570,real,F20
131,600,real,F20
132,1050,real,F20
132,1080,real,F20
132,390,real,F20
132,120,real,F20
132,760,real,F20
133,760,real,F15
134,210,real,F20
134,910,real,F20
134,960,real,F20
135,390,real,F9
136,280,real,F20
136,1030,real,F20
137,160,real,F20
137,380,real,F20
138,490,real,F20
138,720,real,F20
138,130,real,F20
138,550,real,F20
139,910,real,F20
140,1070,real,F20
140,380,real,F20
141,410,real,F20
141,180,real,F20
141,1000,real,F20
141,610,real,F20
141,360,real,F20
142,100,real,F20
142,290,real,F20
142,900,real,F20
143,770,real,F20
143,660,real,F20
143,120,real,F20
143,420,real,F20
143,250,real,F20
144,290,real,F20
144,440,real,F20
144,580,real,F20
144,1070,real,F20
145,400,real,F12
145,670,real,F12
145,290,real,F12
145,330,real,F12
145,220,real,F12
146,590,real,F20
146,680,real,F20
146,1020,real,F20
147,320,real,F2
147,790,real,F2
147,480,real,F2
147,240,real,F2
147,1030,real,F2
148,720,real,F20
148,1070,real,F20
148,1020,real,F20
148,410,real,F20
148,100,real,F20
149,760,real,F20
149,1070,real,F20
149,530,real,F20
149,560,real,F20
149,850,real,F20
150,880,real,F20
150,850,real,F20
150,910,real,F20
150,230,real,F20
151,690,real,F20
151,270,real,F20
151,930,real,F20
151,310,real,F20
152,160,real,F20
152,530,real,F20
152,280,real,F20
152,1050,real,F20
152,430,real,F20
153,450,real,F20
153,900,real,F20
153,350,real,F20
153,180,real,F20
153,500,real,F20
154,490,real,F9
154,210,real,F9
155,730,real,F13
156,1030,real,F20
156,920,real,F20
157,740,real,F20
157,540,real,F20
157,770,real,F20
157,140,real,F20
157,1020,real,F20
158,940,real,F20
158,790,real,F20
158,410,real,F20
159,920,real,F17
159,990,real,F17
159,710,real,F17
160,130,real,F3
161,1000,real,F20
161,750,real,F20
162,880,real,F20
162,660,real,F20
162,970,real,F20
162,920,real,F20
163,230,real,F20
163,480,real,F20
163,1040,real,F20
163,490,real,F20
163,770,real,F20
164,830,real,F20
164,110,real,F20
165,240,real,F19
165,420,real,F19
165,640,real,F19
165,370,real,F19
166,580,real,F20
166,520,real,F20
166,860,real,F20
166,1060,real,F20
167,700,real,F13
168,140,real,F13
168,760,real,F13
168,530,real,F13
169,260,real,F20
169,940,real,F20
169,1080,real,F20
170,1050,real,F18
170,870,real,F18
171,360,real,F20
171,710,real,F20
171,930,real,F20
171,470,real,F20
172,560,real,F10
173,320,real,F7
173,420,real,F7
174,500,real,F19
174,820,real,F19
174,910,real,F19
175,1000,real,F20
176,650,real,F13
176,520,real,F13
176,420,real,F13
176,610,real,F13
177,360,real,F20
177,850,real,F20
177,990,real,F20
177,210,real,F20
177,1030,real,F20
178,450,real,F10
178,320,real,F10
178,360,real,F10
178,190,real,F10
179,830,real,F20
179,820,real,F20
179,350,real,F20
180,840,real,F20
180,480,real,F20
180,1040,real,F20
181,370,real,F9
182,350,real,F20
182,580,real,F20
182,110,real,F20
183,220,real,F20
183,860,real,F20
183,760,real,F20
183,300,real,F20
183,1020,real,F20
184,1020,real,F20
184,750,real,F20
184,610,real,F20
185,340,real,F14
185,180,real,F14
185,540,real,F14
186,880,real,F20
186,930,real,F20
187,830,real,F16
188,130,real,F11
188,590,real,F11
188,230,real,F11
189,980,real,F20
189,1020,real,F20
189,1050,real,F20
189,670,real,F20
189,570,real,F20
190,270,real,F8
191,800,real,F20
191,110,real,F20
192,420,real,F7
193,740,real,F14
193,240,real,F14
193,300,real,F14
193,440,real,F14
194,380,real,F20
194,1070,real,F20
194,880,real,F20
194,700,real,F20
195,220,real,F20
195,820,real,F20
196,730,real,F15
196,710,real,F15
197,500,real,F19
197,1040,real,F19
197,210,real,F19
197,460,real,F19
198,800,real,F15
198,670,real,F15
198,360,real,F15
198,400,real,F15
198,150,real,F15
199,650,real,F17
199,150,real,F17
199,920,real,F17
199,1010,real,F17
199,540,real,F17
200,1060,real,F20
200,970,real,F20
200,360,real,F20
201,950,real,F20
201,1000,real,F20
201,330,real,F20
202,350,real,F6
203,370,real,F20
203,890,real,F20
204,730,real,F20
204,1010,real,F20
204,410,real,F20
204,570,real,F20
205,380,real,F7
205,260,real,F7
206,150,real,F7
207,510,real,F2
207,240,real,F2
208,200,real,F20
208,530,real,F20
208,300,real,F20
208,1000,real,F20
208,600,real,F20
209,580,real,F20
210,960,real,F20
210,1050,real,F20
211,930,real,F20
211,650,real,F20
211,140,real,F20
211,520,real,F20
212,270,real,F4
213,1080,real,F20
213,190,real,F20
214,1050,real,F20
214,290,real,F20
214,680,real,F20
214,820,real,F20
215,910,real,F17
215,390,real,F17
215,370,real,F17
216,850,real,F17
216,590,real,F17
216,340,real,F17
216,740,real,F17
217,790,real,F20
217,500,real,F20
217,930,real,F20
218,900,real,F20
218,480,real,F20
218,130,real,F20
219,540,real,F20
219,490,real,F20
220,560,real,F10
221,110,real,F16
221,590,real,F16
222,720,real,F20
222,1010,real,F20
223,140,real,F16
223,650,real,F16
223,240,real,F16
223,210,real,F16
223,110,real,F16
224,360,real,F7
224,340,real,F7
225,520,real,F12
226,660,real,F20
226,510,real,F20
226,770,real,F20
226,520,real,F20
227,820,real,F19
227,310,real,F19
227,110,real,F19
227,190,real,F19
227,1090,real,F19
228,570,real,F18
228,160,real,F18
228,700,real,F18
228,130,real,F18
228,1060,real,F18
229,470,real,F20
229,500,real,F20
229,210,real,F20
229,910,real,F20
230,350,real,F20
230,740,real,F20
230,200,real,F20
231,270,real,F20
231,810,real,F20
231,310,real,F20
231,380,real,F20
232,490,real,F20
232,790,real,F20
233,990,real,F20
234,660,real,F20
234,960,real,F20
234,600,real,F20
235,260,real,F19
235,920,real,F19
235,480,real,F19
235,360,real,F19
235,700,real,F19
236,840,real,F20
236,850,real,F20
236,250,real,F20
236,670,real,F20
237,820,real,F20
237,240,real,F20
237,290,real,F20
237,660,real,F20
237,310,real,F20
238,230,real,F15
238,590,real,F15
238,490,real,F15
239,190,real,F3
240,310,real,F9
240,430,real,F9
241,1000,real,F20
242,400,real,F20
242,940,real,F20
242,170,real,F20
242,760,real,F20
242,390,real,F20
243,490,real,F20
243,930,real,F20
243,400,real,F20
243,710,real,F20
244,320,real,F20
244,210,real,F20
244,1050,real,F20
245,1050,real,F20
245,1010,real,F20
245,100,real,F20
245,140,real,F20
245,940,real,F20
246,170,real,F20
246,120,real,F20
246,1000,real,F20
246,1030,real,F20
247,650,real,F16
247,740,real,F16
247,180,real,F16
247,760,real,F16
247,300,real,F16
248,500,real,F9
248,320,real,F9
249,320,real,F6
250,530,real,F17
250,970,real,F17
250,780,real,F17
250,580,real,F17
251,130,real,F20
251,150,real,F20
251,840,real,F20
252,280,real,F20
252,1020,real,F20
252,120,real,F20
253,430,real,F14
253,480,real,F14
254,510,real,F20
254,520,real,F20
254,820,real,F20
254,490,real,F20
255,450,real,F20
255,1050,real,F20
255,400,real,F20
256,330,real,F11
256,370,real,F11
256,520,real,F11
257,260,real,F19
257,1050,real,F19
257,190,real,F19
257,650,real,F19
257,460,real,F19
258,480,real,F10
259,920,real,F20
259,110,real,F20
259,340,real,F20
259,280,real,F20
260,790,real,F16
260,150,real,F16
260,210,real,F16
260,880,real,F16
261,270,real,F20
261,870,real,F20
262,410,real,F20
262,290,real,F20
262,160,real,F20
262,810,real,F20
263,380,real,F20
263,830,real,F20
263,660,real,F20
264,540,real,F20
265,280,real,F20
265,420,real,F20
265,140,real,F20
265,790,real,F20
266,570,real,F20
266,990,real,F20
267,600,real,F20
267,300,real,F20
267,790,real,F20
268,210,real,F20
268,320,real,F20
268,840,real,F20
269,680,real,F20
269,720,real,F20
269,450,real,F20
270,790,real,F20
270,930,real,F20
270,940,real,F20
270,1030,real,F20
271,230,real,F20
271,920,real,F20
271,810,real,F20
271,570,real,F20
272,560,real,F20
273,1040,real,F20
273,190,real,F20
273,900,real,F20
273,110,real,F20
274,160,real,F20
274,490,real,F20
274,770,real,F20
274,1000,real,F20
275,990,real,F20
275,110,real,F20
275,350,real,F20
276,1030,real,F20
277,650,real,F20
277,410,real,F20
277,1060,real,F20
278,170,real,F20
278,980,real,F20
278,440,real,F20
278,160,real,F20
279,570,real,F20
279,1000,real,F20
279,740,real,F20
279,1060,real,F20
280,1070,real,F20
280,350,real,F20
281,870,real,F16
282,450,real,F8
283,910,real,F16
283,610,real,F16
284,550,real,F20
284,1080,real,F20
284,800,real,F20
285,380,real,F19
285,1020,real,F19
286,200,real,F7
286,360,real,F7
287,470,real,F19
287,630,real,F19
287,960,real,F19
287,510,real,F19
287,110,real,F19
288,850,real,F20
288,790,real,F20
289,710,real,F14
290,870,real,F20
291,1070,real,F20
291,760,real,F20
292,520,real,F16
292,420,real,F16
292,910,real,F16
293,280,real,F5
293,120,real,F5
294,170,real,F20
294,990,real,F20
294,300,real,F20
295,760,real,F20
296,860,real,F20
296,680,real,F20
296,310,real,F20
296,120,real,F20
297,300,real,F20
297,370,real,F20
298,570,real,F10
299,370,real,F20
299,160,real,F20
299,920,real,F20
299,470,real,F20
300,410,real,F19
300,240,real,F19
300,600,real,F19
300,1000,real,F19
301,1000,real,F20
301,610,real,F20
301,990,real,F20
301,180,real,F20
301,400,real,F20
302,1010,real,F20
303,780,real,F20
304,100,real,F8
304,400,real,F8
305,340,real,F9
306,330,real,F18
306,380,real,F18
306,960,real,F18
307,140,real,F20
307,600,real,F20
307,110,real,F20
307,930,real,F20
308,740,real,F20
308,430,real,F20
308,290,real,F20
309,130,real,F8
309,340,real,F8
310,510,real,F20
310,690,real,F20
310,610,real,F20
311,150,real,F1
312,960,real,F20
312,880,real,F20
312,290,real,F20
312,680,real,F20
312,320,real,F20
313,130,real,F4
313,210,real,F4
314,380,real,F8
314,270,real,F8
315,220,real,F20
315,190,real,F20
315,160,real,F20
315,550,real,F20
316,580,real,F13
316,550,real,F13
316,210,real,F13
317,980,real,F19
317,1050,real,F19
317,730,real,F19
317,670,real,F19
317,360,real,F19
318,430,real,F12
319,330,real,F10
319,500,real,F10
320,440,real,F20
320,870,real,F20
320,200,real,F20
321,400,real,F8
321,330,real,F8
321,130,real,F8
322,200,real,F20
322,310,real,F20
322,750,real,F20
322,870,real,F20
322,150,real,F20
323,320,real,F17
323,110,real,F17
323,390,real,F17
323,660,real,F17
323,560,real,F17
324,340,real,F12
324,460,real,F12
325,120,real,F20
325,970,real,F20
325,1040,real,F20
325,580,real,F20
326,210,real,F20
327,980,real,F20
328,910,real,F20
329,1090,real,F20
330,740,real,F20
330,240,real,F20
330,270,real,F20
330,530,real,F20
331,590,real,F20
331,980,real,F20
331,100,real,F20
331,670,real,F20
331,380,real,F20
332,700,real,F20
333,1000,real,F20
333,690,real,F20
333,570,real,F20
334,250,real,F9
335,830,real,F20
336,630,real,F20
337,590,real,F20
337,950,real,F20
337,850,real,F20
338,290,real,F20
338,470,real,F20
339,100,real,F8
339,170,real,F8
340,990,real,F20
341,190,real,F14
341,390,real,F14
341,410,real,F14
341,330,real,F14
342,680,real,F20
342,470,real,F20
343,860,real,F20
343,920,real,F20
343,410,real,F20
344,800,real,F20
344,480,real,F20
344,840,real,F20
344,1070,real,F20
344,680,real,F20
345,310,real,F20
345,810,real,F20
345,1020,real,F20
346,660,real,F15
347,480,real,F17
347,570,real,F17
347,510,real,F17
347,520,real,F17
347,230,real,F17
348,1070,real,F20
349,650,real,F20
349,510,real,F20
349,960,real,F20
349,240,real,F20
349,490,real,F20
350,410,real,F15
350,700,real,F15
350,720,real,F15
350,830,real,F15
350,430,real,F15
351,160,real,F20
351,560,real,F20
352,340,real,F13
353,700,real,F20
353,950,real,F20
353,1070,real,F20
353,520,real,F20
353,990,real,F20
354,210,real,F5
354,150,real,F5
355,650,real,F20
355,260,real,F20
355,1000,real,F20
355,240,real,F20
356,500,real,F10
356,210,real,F10
357,800,real,F20
358,720,real,F17
358,640,real,F17
358,260,real,F17
358,120,real,F17
358,750,real,F17
359,150,real,F15
359,560,real,F15
359,370,real,F15
359,740,real,F15
359,470,real,F15
360,180,real,F6
361,820,real,F16
361,210,real,F16
361,860,real,F16
361,190,real,F16
362,600,real,F20
362,530,real,F20
362,920,real,F20
362,140,real,F20
363,470,real,F20
363,520,real,F20
363,780,real,F20
363,970,real,F20
364,300,real,F10
364,460,real,F10
365,230,real,F5
366,750,real,F20
366,410,real,F20
366,820,real,F20
366,890,real,F20
367,550,real,F14
367,640,real,F14
367,820,real,F14
368,510,real,F20
368,940,real,F20
368,310,real,F20
369,1010,real,F20
369,160,real,F20
369,980,real,F20
370,140,real,F20
370,1060,real,F20
370,550,real,F20
371,780,real,F20
371,640,real,F20
371,700,real,F20
371,800,real,F20
371,950,real,F20
372,510,real,F18
372,960,real,F18
372,400,real,F18
372,450,real,F18
372,160,real,F18
373,880,real,F20
374,380,real,F20
374,450,real,F20
374,970,real,F20
375,760,real,F20
375,130,real,F20
375,330,real,F20
375,800,real,F20
376,360,real,F14
376,530,real,F14
376,680,real,F14
377,1030,real,F20
377,450,real,F20
377,1010,real,F20
377,300,real,F20
378,1060,real,F20
379,830,real,F20
379,390,real,F20
380,410,real,F17
380,620,real,F17
380,860,real,F17
380,760,real,F17
381,400,real,F20
381,360,real,F20
381,720,real,F20
381,1020,real,F20
382,930,real,F18
383,310,real,F12
383,180,real,F12
383,580,real,F12
384,370,real,F9
385,1090,real,F20
385,600,real,F20
385,820,real,F20
385,440,real,F20
385,140,real,F20
386,850,real,F20
387,470,real,F20
387,850,real,F20
387,140,real,F20
387,180,real,F20
387,520,real,F20
388,220,real,F20
388,780,real,F20
388,800,real,F20
388,260,real,F20
389,1020,real,F20
389,870,real,F20
389,270,real,F20
389,470,real,F20
389,190,real,F20
390,230,real,F5
391,430,real,F18
391,120,real,F18
391,470,real,F18
391,250,real,F18
392,120,real,F20
392,850,real,F20
393,1040,real,F20
393,910,real,F20
393,740,real,F20
394,1010,real,F20
394,220,real,F20
394,100,real,F20
394,460,real,F20
395,510,real,F20
395,140,real,F20
395,840,real,F20
395,620,real,F20
395,850,real,F20
396,860,real,F20
396,840,real,F20
396,570,real,F20
397,410,real,F20
397,120,real,F20
397,940,real,F20
398,210,real,F19
398,310,real,F19
399,570,real,F11
400,600,real,F20
400,250,real,F20
400,130,real,F20
400,120,real,F20
401,370,real,F20
401,870,real,F20
401,180,real,F20
402,620,real,F12
403,830,real,F20
403,600,real,F20
403,930,real,F20
403,480,real,F20
403,680,real,F20
404,960,real,F20
404,360,real,F20
405,110,real,F10
406,960,real,F20
406,620,real,F20
406,790,real,F20
406,280,real,F20
407,190,real,F20
407,600,real,F20
408,570,real,F20
408,530,real,F20
408,360,real,F20
408,1010,real,F20
409,900,real,F20
409,630,real,F20
409,1000,real,F20
410,380,real,F15
410,580,real,F15
410,790,real,F15
411,550,real,F20
411,1050,real,F20
411,310,real,F20
411,970,real,F20
412,970,real,F20
413,590,real,F20
413,650,real,F20
413,620,real,F20
414,1050,real,F20
415,550,real,F20
415,1020,real,F20
415,940,real,F20
415,360,real,F20
415,510,real,F20
416,730,real,F20
416,790,real,F20
416,450,real,F20
417,870,real,F20
417,720,real,F20
417,170,real,F20
417,820,real,F20
417,650,real,F20
418,220,real,F10
418,180,real,F10
418,190,real,F10
419,1010,real,F20
419,400,real,F20
419,790,real,F20
419,230,real,F20
420,650,real,F20
420,600,real,F20
420,670,real,F20
421,120,real,F5
422,680,real,F16
423,420,real,F11
424,870,real,F20
424,480,real,F20
424,580,real,F20
425,360,real,F8
426,470,real,F20
426,1060,real,F20
426,890,real,F20
426,540,real,F20
427,760,real,F13
427,100,real,F13
428,250,real,F5
429,680,real,F13
430,880,real,F20
430,1060,real,F20
430,470,real,F20
430,690,real,F20
431,540,real,F20
431,750,real,F20
431,300,real,F20
431,660,real,F20
432,1070,real,F18
432,530,real,F18
433,730,real,F14
434,700,real,F20
434,890,real,F20
434,510,real,F20
435,460,real,F20
435,430,real,F20
435,690,real,F20
436,120,real,F20
436,400,real,F20
436,390,real,F20
436,710,real,F20
436,410,real,F20
437,690,real,F20
438,190,real,F20
438,710,real,F20
438,870,real,F20
438,440,real,F20
438,590,real,F20
439,180,real,F20
439,680,real,F20
439,410,real,F20
439,420,real,F20
439,570,real,F20
440,250,real,F11
440,470,real,F11
441,360,real,F12
441,250,real,F12
442,420,real,F8
442,210,real,F8
443,270,real,F20
443,1080,real,F20
444,300,real,F8
445,170,real,F20
445,1040,real,F20
446,520,real,F17
447,600,real,F20
447,710,real,F20
447,910,real,F20
448,1020,real,F20
448,320,real,F20
449,200,real,F13
449,180,real,F13
449,510,real,F13
450,200,real,F20
450,180,real,F20
450,270,real,F20
450,1090,real,F20
451,970,real,F20
451,890,real,F20
451,940,real,F20
451,250,real,F20
451,1050,real,F20
452,230,real,F20
452,410,real,F20
452,990,real,F20
453,340,real,F6
453,350,real,F6
454,610,real,F20
454,1040,real,F20
455,980,real,F20
455,790,real,F20
455,930,real,F20
455,330,real,F20
456,840,real,F20
456,470,real,F20
456,250,real,F20
456,1000,real,F20
457,740,real,F20
457,470,real,F20
457,370,real,F20
458,650,real,F20
458,1080,real,F20
459,1050,real,F20
459,430,real,F20
460,730,real,F20
460,740,real,F20
460,540,real,F20
460,280,real,F20
460,290,real,F20
461,690,real,F17
461,760,real,F17
461,860,real,F17
462,970,real,F20
462,150,real,F20
462,110,real,F20
462,450,real,F20
462,950,real,F20
463,680,real,F20
463,330,real,F20
463,880,real,F20
463,850,real,F20
464,140,real,F6
465,510,real,F20
465,870,real,F20
465,320,real,F20
465,640,real,F20
465,520,real,F20
466,1000,real,F19
467,230,real,F12
467,400,real,F12
467,640,real,F12
467,330,real,F12
467,600,real,F12
468,440,real,F20
468,360,real,F20
468,520,real,F20
469,270,real,F2
469,120,real,F2
469,470,real,F2
469,930,real,F2
470,220,real,F13
470,500,real,F13
471,250,real,F11
471,620,real,F11
472,110,real,F5
473,480,real,F16
473,500,real,F16
473,600,real,F16
473,310,real,F16
474,990,real,F18
474,1050,real,F18
474,470,real,F18
474,960,real,F18
474,560,real,F18
475,660,real,F20
475,210,real,F20
475,890,real,F20
476,480,real,F10
476,540,real,F10
477,690,real,F18
477,600,real,F18
477,990,real,F18
477,360,real,F18
478,620,real,F16
478,600,real,F16
479,1020,real,F20
479,400,real,F20
479,440,real,F20
480,540,real,F17
480,120,real,F17
481,910,real,F19
481,860,real,F19
482,290,real,F20
482,870,real,F20
482,1060,real,F20
483,250,real,F18
483,1030,real,F18
483,830,real,F18
483,180,real,F18
483,950,real,F18
484,600,real,F18
484,830,real,F18
484,240,real,F18
484,1030,real,F18
484,510,real,F18
485,730,real,F20
485,630,real,F20
485,960,real,F20
486,940,real,F20
486,110,real,F20
486,870,real,F20
487,260,real,F20
487,530,real,F20
487,390,real,F20
488,740,real,F20
488,380,real,F20
488,1030,real,F20
489,220,real,F7
489,230,real,F7
490,690,real,F20
490,970,real,F20
490,520,real,F20
491,740,real,F15
491,450,real,F15
492,1040,real,F20
492,840,real,F20
492,580,real,F20
492,220,real,F20
493,310,real,F20
493,140,real,F20
493,1000,real,F20
493,620,real,F20
494,500,real,F19
494,180,real,F19
494,220,real,F19
494,520,real,F19
494,880,real,F19
495,910,real,F20
496,460,real,F20
497,200,real,F6
497,370,real,F6
498,670,real,F17
498,930,real,F17
498,480,real,F17
498,290,real,F17
498,750,real,F17
499,1080,real,F20
499,340,real,F20
499,450,real,F20
499,490,real,F20
500,930,real,F20
501,760,real,F20
501,610,real,F20
502,400,real,F20
502,810,real,F20
502,570,real,F20
503,230,real,F20
504,890,real,F18
504,1080,real,F18
504,110,real,F18
504,950,real,F18
505,670,real,F20
505,650,real,F20
505,590,real,F20
506,730,real,F20
506,150,real,F20
506,740,real,F20
506,750,real,F20
507,730,real,F20
507,530,real,F20
508,530,real,F20
508,570,real,F20
508,820,real,F20
509,820,real,F17
509,800,real,F17
509,150,real,F17
510,430,real,F20
510,160,real,F20
510,470,real,F20
510,610,real,F20
510,860,real,F20
511,1050,real,F20
511,300,real,F20
511,450,real,F20
511,350,real,F20
511,470,real,F20
512,290,real,F7
513,800,real,F20
514,350,real,F13
514,150,real,F13
514,720,real,F13
514,650,real,F13
515,340,real,F16
515,680,real,F16
516,490,real,F20
516,1070,real,F20
516,140,real,F20
516,100,real,F20
517,330,real,F16
517,280,real,F16
517,770,real,F16
517,560,real,F16
518,850,real,F16
519,130,real,F10
520,270,real,F17
520,370,real,F17
520,970,real,F17
520,720,real,F17
520,740,real,F17
521,810,real,F20
521,1000,real,F20
521,830,real,F20
522,110,real,F18
522,200,real,F18
522,960,real,F18
522,800,real,F18
523,550,real,F11
523,540,real,F11
523,210,real,F11
523,500,real,F11
523,600,real,F11
524,670,real,F20
524,250,real,F20
524,1060,real,F20
525,360,real,F15
525,780,real,F15
525,320,real,F15
526,200,real,F8
527,790,real,F14
527,350,real,F14
527,270,real,F14
528,1010,real,F20
528,680,real,F20
529,300,real,F20
529,1060,real,F20
529,870,real,F20
529,710,real,F20
529,170,real,F20
530,260,real,F20
530,340,real,F20
530,840,real,F20
531,120,real,F5
532,570,real,F10
533,320,real,F6
534,1060,real,F20
534,340,real,F20
534,140,real,F20
534,960,real,F20
534,720,real,F20
535,690,real,F20
535,750,real,F20
535,960,real,F20
535,460,real,F20
536,240,real,F4
537,620,real,F20
537,1090,real,F20
537,740,real,F20
537,120,real,F20
537,160,real,F20
538,240,real,F20
538,810,real,F20
539,810,real,F20
539,360,real,F20
539,870,real,F20
539,390,real,F20
539,990,real,F20
540,740,real,F20
540,600,real,F20
540,260,real,F20
540,160,real,F20
541,530,real,F12
541,110,real,F12
542,620,real,F20
542,910,real,F20
543,310,real,F20
543,380,real,F20
543,890,real,F20
544,540,real,F14
544,650,real,F14
544,420,real,F14
544,820,real,F14
544,110,real,F14
545,600,real,F20
546,450,real,F15
546,280,real,F15
546,620,real,F15
547,550,real,F20
547,680,real,F20
548,960,real,F20
548,1020,real,F20
548,410,real,F20
548,690,real,F20
549,330,real,F20
549,940,real,F20
550,800,real,F20
551,400,real,F13
551,730,real,F13
552,430,real,F18
552,530,real,F18
552,750,real,F18
553,810,real,F18
553,510,real,F18
553,770,real,F18
553,290,real,F18
553,710,real,F18
554,170,real,F20
554,250,real,F20
554,600,real,F20
555,180,real,F20
555,500,real,F20
555,660,real,F20
555,920,real,F20
556,580,real,F20
556,870,real,F20
557,1020,real,F20
557,140,real,F20
558,600,real,F20
558,270,real,F20
559,1020,real,F20
559,1090,real,F20
559,1080,real,F20
559,280,real,F20
559,130,real,F20
560,670,real,F20
560,660,real,F20
561,840,real,F19
561,1060,real,F19
562,420,real,F20
562,1020,real,F20
562,1040,real,F20
562,210,real,F20
563,890,real,F20
564,680,real,F20
564,950,real,F20
564,340,real,F20
564,990,real,F20
564,830,real,F20
565,960,real,F20
566,190,real,F6
567,280,real,F11
567,110,real,F11
567,560,real,F11
567,500,real,F11
568,430,real,F20
568,960,real,F20
569,230,real,F20
569,1030,real,F20
569,120,real,F20
569,390,real,F20
570,1030,real,F20
570,220,real,F20
571,410,real,F20
571,900,real,F20
571,420,real,F20
572,1060,real,F20
572,800,real,F20
572,870,real,F20
572,260,real,F20
573,350,real,F18
573,840,real,F18
573,1040,real,F18
573,270,real,F18
574,360,real,F20
574,660,real,F20
574,1040,real,F20
575,810,real,F20
575,820,real,F20
576,350,real,F7
577,430,real,F20
577,800,real,F20
577,920,real,F20
577,370,real,F20
578,410,real,F20
579,410,real,F20
580,320,real,F18
580,580,real,F18
580,970,real,F18
581,510,real,F20
581,940,real,F20
581,930,real,F20
581,350,real,F20
582,600,real,F12
583,1040,real,F19
583,320,real,F19
583,360,real,F19
584,700,real,F20
584,1030,real,F20
585,740,real,F20
585,930,real,F20
585,310,real,F20
586,1050,real,F20
586,1040,real,F20
586,100,real,F20
586,680,real,F20
586,460,real,F20
587,560,real,F20
587,1030,real,F20
587,330,real,F20
588,210,real,F5
588,100,real,F5
588,230,real,F5
588,310,real,F5
589,570,real,F20
589,370,real,F20
589,1060,real,F20
590,140,real,F20
590,650,real,F20
591,550,real,F11
592,360,real,F20
592,580,real,F20
592,190,real,F20
593,740,real,F20
593,520,real,F20
593,660,real,F20
593,180,real,F20
594,770,real,F20
594,960,real,F20
594,620,real,F20
594,1020,real,F20
594,800,real,F20
595,320,real,F8
596,730,real,F20
596,370,real,F20
596,270,real,F20
596,650,real,F20
597,940,real,F20
597,540,real,F20
598,850,real,F20
598,290,real,F20
598,950,real,F20
598,110,real,F20
599,600,real,F20
599,1090,real,F20
599,1060,real,F20
599,750,real,F20
599,860,real,F20
600,940,real,F20
600,970,real,F20
600,710,real,F20
601,100,real,F20
601,970,real,F20
601,650,real,F20
601,710,real,F20
601,900,real,F20
602,860,real,F18
602,180,real,F18
602,120,real,F18
603,590,real,F20
603,640,real,F20
604,430,real,F11
604,500,real,F11
604,610,real,F11
604,150,real,F11
605,170,real,F20
605,460,real,F20
605,790,real,F20
606,870,real,F20
606,1040,real,F20
606,590,real,F20
606,530,real,F20
607,410,real,F7
608,910,real,F20
609,890,real,F20
609,300,real,F20
609,830,real,F20
610,810,real,F20
610,970,real,F20
610,880,real,F20
611,890,real,F20
611,450,real,F20
611,780,real,F20
611,810,real,F20
612,850,real,F20
612,620,real,F20
612,1040,real,F20
612,500,real,F20
613,510,real,F19
613,1070,real,F19
614,640,real,F18
614,280,real,F18
615,250,real,F20
615,680,real,F20
615,1010,real,F20
615,210,real,F20
615,700,real,F20
616,660,real,F16
617,880,real,F20
617,750,real,F20
618,660,real,F13
618,470,real,F13
619,480,real,F12
619,370,real,F12
620,640,real,F18
620,290,real,F18
620,360,real,F18
620,950,real,F18
620,540,real,F18
621,940,real,F20
621,1090,real,F20
621,430,real,F20
622,500,real,F12
622,440,real,F12
622,250,real,F12
623,740,real,F20
624,660,real,F20
624,640,real,F20
624,820,real,F20
624,250,real,F20
625,210,real,F9
626,150,real,F3
627,780,real,F20
627,530,real,F20
628,270,real,F20
628,240,real,F20
628,1060,real,F20
628,920,real,F20
628,980,real,F20
629,200,real,F15
629,210,real,F15
629,800,real,F15
629,370,real,F15
630,680,real,F20
630,1090,real,F20
630,800,real,F20
630,310,real,F20
631,730,real,F20
631,120,real,F20
632,210,real,F6
633,180,real,F20
633,100,real,F20
633,590,real,F20
633,640,real,F20
633,880,real,F20
634,690,real,F16
635,440,real,F20
635,890,real,F20
635,530,real,F20
635,930,real,F20
636,420,real,F7
637,840,real,F20
638,390,real,F20
638,230,real,F20
638,920,real,F20
638,480,real,F20
638,1070,real,F20
639,920,real,F20
639,730,real,F20
639,170,real,F20
639,550,real,F20
639,810,real,F20
640,560,real,F12
641,890,real,F20
641,700,real,F20
641,420,real,F20
641,550,real,F20
642,370,real,F20
642,700,real,F20
642,490,real,F20
642,160,real,F20
643,550,real,F20
643,910,real,F20
643,160,real,F20
644,570,real,F10
645,550,real,F20
645,950,real,F20
645,170,real,F20
646,480,real,F20
646,310,real,F20
646,600,real,F20
646,240,real,F20
647,310,real,F15
647,800,real,F15
647,350,real,F15
648,1030,real,F20
648,200,real,F20
649,590,real,F20
649,1080,real,F20
649,550,real,F20
649,720,real,F20
649,700,real,F20
650,1030,real,F20
650,400,real,F20
650,810,real,F20
650,760,real,F20
650,460,real,F20
651,300,real,F14
651,760,real,F14
652,830,real,F20
653,930,real,F20
653,230,real,F20
653,110,real,F20
654,1070,real,F20
654,920,real,F20
654,740,real,F20
654,420,real,F20
654,590,real,F20
655,330,real,F20
655,1030,real,F20
656,370,real,F20
656,220,real,F20
656,480,real,F20
656,630,real,F20
657,1070,real,F20
658,690,real,F20
658,170,real,F20
658,790,real,F20
658,780,real,F20
659,690,real,F20
660,700,real,F14
661,800,real,F14
662,650,real,F20
662,490,real,F20
663,430,real,F20
663,520,real,F20
663,410,real,F20
664,670,real,F20
664,350,real,F20
664,680,real,F20
665,460,real,F20
665,870,real,F20
665,620,real,F20
665,1060,real,F20
665,1020,real,F20
666,560,real,F20
666,980,real,F20
666,720,real,F20
667,650,real,F20
667,970,real,F20
667,830,real,F20
667,590,real,F20
667,210,real,F20
668,290,real,F17
668,410,real,F17
668,470,real,F17
669,670,real,F20
669,480,real,F20
669,130,real,F20
669,790,real,F20
670,240,real,F17
670,880,real,F17
670,590,real,F17
670,730,real,F17
671,290,real,F20
671,890,real,F20
671,920,real,F20
671,650,real,F20
672,500,real,F11
673,410,real,F20
673,1040,real,F20
673,180,real,F20
674,180,real,F20
675,820,real,F19
675,510,real,F19
675,850,real,F19
675,790,real,F19
676,260,real,F20
676,440,real,F20
676,490,real,F20
676,950,real,F20
677,100,real,F3
678,1000,real,F20
679,610,real,F13
680,850,real,F20
680,640,real,F20
681,230,real,F5
682,520,real,F20
682,920,real,F20
682,640,real,F20
682,720,real,F20
683,120,real,F20
683,980,real,F20
683,400,real,F20
683,1000,real,F20
684,100,real,F20
684,660,real,F20
684,910,real,F20
684,680,real,F20
684,1010,real,F20
685,940,real,F20
685,720,real,F20
685,770,real,F20
685,860,real,F20
685,970,real,F20
686,470,real,F20
686,930,real,F20
686,220,real,F20
686,820,real,F20
686,540,real,F20
687,210,real,F20
687,160,real,F20
687,960,real,F20
687,420,real,F20
688,190,real,F4
688,270,real,F4
689,440,real,F20
689,310,real,F20
689,650,real,F20
689,600,real,F20
689,880,real,F20
690,180,real,F20
690,1080,real,F20
690,630,real,F20
691,720,real,F20
692,230,real,F10
693,670,real,F20
693,280,real,F20
694,960,real,F20
694,490,real,F20
695,140,real,F14
695,770,real,F14
696,400,real,F20
696,150,real,F20
696,330,real,F20
696,460,real,F20
696,800,real,F20
697,930,real,F20
697,190,real,F20
698,760,real,F20
698,840,real,F20
698,680,real,F20
698,720,real,F20
698,1000,real,F20
699,630,real,F20
699,480,real,F20
700,210,real,F4
701,1020,real,F20
701,360,real,F20
702,110,real,F12
702,600,real,F12
703,180,real,F20
703,730,real,F20
704,840,real,F20
704,280,real,F20
705,1040,real,F20
705,660,real,F20
705,310,real,F20
705,320,real,F20
706,270,real,F20
706,110,real,F20
706,410,real,F20
706,840,real,F20
707,180,real,F20
707,690,real,F20
707,210,real,F20
708,1050,real,F20
708,840,real,F20
709,190,real,F20
709,820,real,F20
709,830,real,F20
710,880,real,F20
710,480,real,F20
710,780,real,F20
710,1050,real,F20
710,360,real,F20
711,200,real,F20
711,680,real,F20
711,300,real,F20
711,1020,real,F20
712,720,real,F20
712,220,real,F20
712,490,real,F20
712,500,real,F20
712,390,real,F20
713,260,real,F20
713,560,real,F20
714,1090,real,F20
714,340,real,F20
714,590,real,F20
714,720,real,F20
714,790,real,F20
715,1040,real,F20
716,660,real,F16
716,230,real,F16
716,490,real,F16
717,130,real,F10
717,560,real,F10
718,140,real,F20
718,1000,real,F20
718,440,real,F20
719,630,real,F12
719,510,real,F12
720,1090,real,F20
720,140,real,F20
720,100,real,F20
720,780,real,F20
721,520,real,F18
721,1070,real,F18
721,560,real,F18
722,710,real,F20
722,110,real,F20
722,990,real,F20
723,850,real,F16
723,420,real,F16
724,370,real,F13
724,400,real,F13
725,310,real,F20
725,670,real,F20
725,480,real,F20
726,370,real,F8
726,460,real,F8
727,500,real,F11
728,340,real,F20
728,690,real,F20
728,110,real,F20
728,610,real,F20
728,380,real,F20
729,880,real,F20
729,840,real,F20
730,430,real,F20
730,440,real,F20
730,1030,real,F20
731,310,real,F20
731,630,real,F20
731,610,real,F20
731,1050,real,F20
731,840,real,F20
732,940,real,F20
732,460,real,F20
733,260,real,F20
733,600,real,F20
733,980,real,F20
734,880,real,F20
735,610,real,F17
735,920,real,F17
736,230,real,F10
736,490,real,F10
736,470,real,F10
737,930,real,F20
737,850,real,F20
737,120,real,F20
737,570,real,F20
738,650,real,F15
738,120,real,F15
738,690,real,F15
738,180,real,F15
739,490,real,F20
739,650,real,F20
739,320,real,F20
739,1010,real,F20
740,1010,real,F20
740,180,real,F20
740,920,real,F20
740,210,real,F20
740,520,real,F20
741,160,real,F5
742,410,real,F9
743,1070,real,F20
744,510,real,F20
745,660,real,F13
746,560,real,F17
746,750,real,F17
746,910,real,F17
747,740,real,F20
747,900,real,F20
748,840,real,F20
748,730,real,F20
748,300,real,F20
748,640,real,F20
748,700,real,F20
749,180,real,F20
749,850,real,F20
749,530,real,F20
750,820,real,F20
750,390,real,F20
750,780,real,F20
750,340,real,F20
751,660,real,F20
751,1030,real,F20
751,270,real,F20
752,610,real,F18
752,1050,real,F18
752,840,real,F18
752,290,real,F18
753,710,real,F20
753,1030,real,F20
753,560,real,F20
754,1010,real,F20
755,560,real,F20
755,780,real,F20
756,800,real,F20
756,490,real,F20
756,1080,real,F20
757,640,real,F20
758,1050,real,F20
759,660,real,F14
759,560,real,F14
760,690,real,F19
760,920,real,F19
760,130,real,F19
760,760,real,F19
761,320,real,F16
761,750,real,F16
761,800,real,F16
762,550,real,F13
762,360,real,F13
762,310,real,F13
762,110,real,F13
763,460,real,F20
763,790,real,F20
763,690,real,F20
763,510,real,F20
763,980,real,F20
764,310,real,F20
764,670,real,F20
764,320,real,F20
765,850,real,F20
765,500,real,F20
765,260,real,F20
765,620,real,F20
766,220,real,F20
766,280,real,F20
766,930,real,F20
766,390,real,F20
766,630,real,F20
767,960,real,F20
767,990,real,F20
767,390,real,F20
767,790,real,F20
767,1000,real,F20
768,190,real,F6
769,890,real,F20
769,520,real,F20
770,810,real,F15
770,650,real,F15
771,560,real,F15
771,270,real,F15
771,120,real,F15
772,680,real,F20
772,970,real,F20
772,120,real,F20
772,890,real,F20
772,1010,real,F20
773,760,real,F16
773,800,real,F16
773,430,real,F16
773,270,real,F16
773,530,real,F16
774,450,real,F20
774,240,real,F20
774,850,real,F20
774,700,real,F20
775,810,real,F20
775,750,real,F20
776,680,real,F20
776,460,real,F20
776,480,real,F20
777,660,real,F20
777,530,real,F20
777,950,real,F20
778,580,real,F20
778,800,real,F20
778,110,real,F20
779,470,real,F9
779,360,real,F9
780,1020,real,F20
781,790,real,F20
782,800,real,F20
783,160,real,F3
784,970,real,F20
785,920,real,F20
786,290,real,F20
786,590,real,F20
786,480,real,F20
786,980,real,F20
786,350,real,F20
787,750,real,F16
788,870,real,F20
788,950,real,F20
788,920,real,F20
788,840,real,F20
789,390,real,F20
789,980,real,F20
789,490,real,F20
790,200,real,F20
790,830,real,F20
790,350,real,F20
790,140,real,F20
790,750,real,F20
791,680,real,F20
791,840,real,F20
791,1020,real,F20
791,630,real,F20
791,600,real,F20
792,150,real,F11
792,610,real,F11
792,140,real,F11
793,620,real,F14
794,730,real,F18
794,160,real,F18
794,410,real,F18
794,690,real,F18
794,1090,real,F18
795,1070,real,F20
795,270,real,F20
796,340,real,F20
796,840,real,F20
796,1090,real,F20
797,800,real,F20
797,820,real,F20
797,140,real,F20
798,960,real,F20
798,1010,real,F20
799,120,real,F20
799,630,real,F20
799,770,real,F20
799,380,real,F20
799,220,real,F20
800,810,real,F20
800,710,real,F20
800,1060,real,F20
801,620,real,F20
801,940,real,F20
801,270,real,F20
802,960,real,F20
802,1060,real,F20
802,930,real,F20
803,560,real,F12
803,130,real,F12
804,580,real,F20
804,190,real,F20
804,1060,real,F20
804,360,real,F20
804,970,real,F20
805,1070,real,F20
805,980,real,F20
805,770,real,F20
805,520,real,F20
805,840,real,F20
806,730,real,F20
807,310,real,F20
807,670,real,F20
807,920,real,F20
807,350,real,F20
807,290,real,F20
808,620,real,F15
808,320,real,F15
808,240,real,F15
809,850,real,F20
809,100,real,F20
809,840,real,F20
810,930,real,F20
810,830,real,F20
810,1060,real,F20
811,750,real,F20
811,250,real,F20
812,440,real,F20
812,1030,real,F20
812,280,real,F20
813,140,real,F20
813,970,real,F20
813,480,real,F20
813,300,real,F20
814,240,real,F20
814,100,real,F20
814,410,real,F20
814,210,real,F20
814,890,real,F20
815,310,real,F15
815,800,real,F15
815,590,real,F15
816,140,real,F19
816,990,real,F19
816,900,real,F19
816,1040,real,F19
817,920,real,F18
817,270,real,F18
817,730,real,F18
817,750,real,F18
817,720,real,F18
818,510,real,F12
819,1090,real,F20
819,670,real,F20
819,640,real,F20
820,560,real,F20
820,590,real,F20
820,320,real,F20
821,650,real,F20
821,720,real,F20
821,930,real,F20
821,630,real,F20
822,580,real,F20
822,1050,real,F20
822,1070,real,F20
823,650,real,F20
823,450,real,F20
824,110,real,F20
824,720,real,F20
824,800,real,F20
824,260,real,F20
824,880,real,F20
825,620,real,F20
826,860,real,F20
827,430,real,F20
827,1030,real,F20
827,960,real,F20
827,410,real,F20
827,550,real,F20
828,790,real,F16
828,460,real,F16
828,130,real,F16
829,520,real,F20
829,1050,real,F20
829,730,real,F20
829,430,real,F20
829,720,real,F20
830,1070,real,F20
830,320,real,F20
830,310,real,F20
830,210,real,F20
831,1070,real,F20
832,680,real,F20
832,140,real,F20
832,280,real,F20
832,1060,real,F20
832,260,real,F20
833,170,real,F8
833,250,real,F8
833,270,real,F8
834,880,real,F2
834,170,real,F2
834,750,real,F2
834,890,real,F2
834,440,real,F2
835,140,real,F20
835,1060,real,F20
835,420,real,F20
835,580,real,F20
836,780,real,F17
836,210,real,F17
836,260,real,F17
836,230,real,F17
837,1040,real,F20
837,1020,real,F20
837,240,real,F20
837,970,real,F20
838,900,real,F20
838,1010,real,F20
838,870,real,F20
838,770,real,F20
839,430,real,F7
839,160,real,F7
839,380,real,F7
839,260,real,F7
839,110,real,F7
840,300,real,F7
840,140,real,F7
840,130,real,F7
840,110,real,F7
841,170,real,F20
841,420,real,F20
841,890,real,F20
841,900,real,F20
842,900,real,F20
842,350,real,F20
842,380,real,F20
842,600,real,F20
842,390,real,F20
843,1050,real,F19
844,910,real,F20
844,850,real,F20
844,440,real,F20
845,670,real,F20
845,150,real,F20
845,1070,real,F20
845,340,real,F20
846,1040,real,F20
846,340,real,F20
846,960,real,F20
846,970,real,F20
847,350,real,F15
847,430,real,F15
847,790,real,F15
847,100,real,F15
848,220,real,F20
848,1070,real,F20
848,480,real,F20
849,300,real,F20
849,900,real,F20
849,800,real,F20
850,450,real,F20
850,530,real,F20
850,830,real,F20
850,240,real,F20
850,320,real,F20
851,300,real,F16
851,840,real,F16
851,120,real,F16
852,930,real,F20
852,730,real,F20
852,320,real,F20
852,870,real,F20
852,410,real,F20
853,880,real,F20
853,800,real,F20
853,1030,real,F20
853,600,real,F20
854,160,real,F14
855,450,real,F20
855,590,real,F20
856,630,real,F20
856,550,real,F20
856,450,real,F20
857,180,real,F11
857,230,real,F11
857,170,real,F11
857,550,real,F11
858,1000,real,F20
858,770,real,F20
859,720,real,F19
859,110,real,F19
859,370,real,F19
859,670,real,F19
860,150,real,F20
860,1000,real,F20
860,140,real,F20
861,520,real,F13
862,510,real,F17
862,280,real,F17
863,600,real,F20
864,910,real,F20
864,1020,real,F20
864,710,real,F20
864,480,real,F20
865,770,real,F20
865,150,real,F20
865,530,real,F20
866,300,real,F20
866,1050,real,F20
867,1040,real,F20
867,810,real,F20
867,740,real,F20
867,930,real,F20
867,610,real,F20
868,270,real,F13
868,400,real,F13
868,580,real,F13
869,530,real,F20
869,310,real,F20
869,1050,real,F20
869,380,real,F20
870,450,real,F20
870,910,real,F20
870,510,real,F20
871,1010,real,F20
871,930,real,F20
871,280,real,F20
872,560,real,F20
872,930,real,F20
872,130,real,F20
873,260,real,F20
873,830,real,F20
873,540,real,F20
873,150,real,F20
874,440,real,F10
874,500,real,F10
874,400,real,F10
874,100,real,F10
874,420,real,F10
875,980,real,F20
875,910,real,F20
875,760,real,F20
876,290,real,F20
876,780,real,F20
876,560,real,F20
876,910,real,F20
877,810,real,F20
877,110,real,F20
877,180,real,F20
877,570,real,F20
878,240,real,F20
878,870,real,F20
879,1020,real,F20
879,360,real,F20
880,650,real,F20
881,1080,real,F20
881,1020,real,F20
881,670,real,F20
881,110,real,F20
882,1070,real,F20
883,410,real,F1
884,140,real,F3
884,100,real,F3
884,180,real,F3
885,610,real,F12
886,230,real,F10
887,990,real,F20
887,350,real,F20
887,1010,real,F20
887,910,real,F20
887,370,real,F20
888,870,real,F20
888,800,real,F20
888,730,real,F20
888,610,real,F20
889,760,real,F13
889,240,real,F13
889,670,real,F13
890,370,real,F9
890,290,real,F9
891,660,real,F20
891,900,real,F20
892,310,real,F10
892,450,real,F10
893,240,real,F20
893,660,real,F20
894,150,real,F20
894,870,real,F20
894,560,real,F20
894,1080,real,F20
895,980,real,F17
895,450,real,F17
895,550,real,F17
896,890,real,F19
896,950,real,F19
896,1090,real,F19
896,830,real,F19
897,920,real,F20
897,670,real,F20
897,290,real,F20
898,770,real,F15
899,830,real,F20
899,670,real,F20
899,970,real,F20
899,1090,real,F20
900,950,real,F20
900,670,real,F20
900,1030,real,F20
901,360,real,F16
901,530,real,F16
901,460,real,F16
902,200,real,F20
902,530,real,F20
902,910,real,F20
903,410,real,F14
903,180,real,F14
903,790,real,F14
904,190,real,F18
904,510,real,F18
904,800,real,F18
905,320,real,F20
906,130,real,F19
906,710,real,F19
906,830,real,F19
906,290,real,F19
906,470,real,F19
907,460,real,F20
907,280,real,F20
907,930,real,F20
907,350,real,F20
908,470,real,F20
908,670,real,F20
908,940,real,F20
909,1060,real,F20
910,610,real,F20
910,590,real,F20
910,870,real,F20
910,390,real,F20
911,910,real,F20
911,970,real,F20
911,730,real,F20
911,720,real,F20
911,330,real,F20
912,1050,real,F20
912,100,real,F20
913,920,real,F20
913,760,real,F20
913,890,real,F20
913,320,real,F20
913,1080,real,F20
914,760,real,F20
914,140,real,F20
914,630,real,F20
914,160,real,F20
914,1050,real,F20
915,220,real,F20
915,470,real,F20
915,820,real,F20
915,960,real,F20
915,920,real,F20
916,980,real,F20
916,1040,real,F20
917,150,real,F7
918,840,real,F17
919,160,real,F16
919,620,real,F16
919,150,real,F16
920,340,real,F20
920,700,real,F20
920,410,real,F20
920,650,real,F20
921,210,real,F20
921,360,real,F20
921,570,real,F20
921,640,real,F20
922,220,real,F17
922,770,real,F17
922,230,real,F17
922,670,real,F17
923,510,real,F20
923,1080,real,F20
923,260,real,F20
923,820,real,F20
924,510,real,F20
924,470,real,F20
924,350,real,F20
924,300,real,F20
924,330,real,F20
925,960,real,F20
925,390,real,F20
925,610,real,F20
925,800,real,F20
925,180,real,F20
926,190,real,F20
926,470,real,F20
926,760,real,F20
926,560,real,F20
927,690,real,F20
928,670,real,F13
928,420,real,F13
929,130,real,F4
929,110,real,F4
930,810,real,F20
930,1050,real,F20
930,580,real,F20
931,270,real,F19
931,840,real,F19
931,450,real,F19
931,260,real,F19
932,780,real,F15
932,660,real,F15
933,590,real,F20
933,630,real,F20
933,930,real,F20
934,840,real,F20
934,350,real,F20
934,140,real,F20
934,650,real,F20
935,690,real,F20
935,100,real,F20
935,620,real,F20
936,870,real,F20
937,310,real,F20
937,170,real,F20
937,980,real,F20
937,590,real,F20
937,600,real,F20
938,390,real,F20
938,370,real,F20
938,190,real,F20
938,1030,real,F20
939,450,real,F20
939,1040,real,F20
939,210,real,F20
939,140,real,F20
940,210,real,F7
941,100,real,F5
941,270,real,F5
941,300,real,F5
941,240,real,F5
942,1020,real,F20
943,270,real,F20
943,950,real,F20
943,370,real,F20
943,1090,real,F20
944,590,real,F20
944,950,real,F20
944,1050,real,F20
944,880,real,F20
944,1090,real,F20
945,880,real,F20
945,1030,real,F20
946,210,real,F20
946,1020,real,F20
946,720,real,F20
946,120,real,F20
947,990,real,F20
947,870,real,F20
947,560,real,F20
948,420,real,F20
948,380,real,F20
948,720,real,F20
949,320,real,F20
949,440,real,F20
949,710,real,F20
949,290,real,F20
949,770,real,F20
950,190,real,F20
950,170,real,F20
950,820,real,F20
950,760,real,F20
951,130,real,F20
951,830,real,F20
951,480,real,F20
951,990,real,F20
951,1040,real,F20
952,970,real,F18
952,530,real,F18
952,190,real,F18
952,770,real,F18
952,520,real,F18
953,590,real,F20
953,560,real,F20
954,1060,real,F18
955,920,real,F19
955,440,real,F19
955,620,real,F19
955,140,real,F19
956,710,real,F20
957,300,real,F20
957,420,real,F20
957,940,real,F20
957,620,real,F20
957,430,real,F20
958,880,real,F20
959,1000,real,F20
960,630,real,F14
960,290,real,F14
960,350,real,F14
960,380,real,F14
961,150,real,F13
961,240,real,F13
961,740,real,F13
961,100,real,F13
962,940,real,F20
962,160,real,F20
962,640,real,F20
962,830,real,F20
962,1050,real,F20
963,730,real,F20
964,150,real,F20
964,430,real,F20
964,1080,real,F20
965,480,real,F20
965,190,real,F20
965,590,real,F20
966,360,real,F20
966,980,real,F20
966,100,real,F20
966,190,real,F20
966,350,real,F20
967,720,real,F20
967,530,real,F20
968,380,real,F20
968,210,real,F20
968,220,real,F20
968,230,real,F20
968,730,real,F20
969,920,real,F20
969,380,real,F20
969,420,real,F20
970,360,real,F20
970,680,real,F20
970,420,real,F20
970,950,real,F20
971,1030,real,F20
972,780,real,F20
972,290,real,F20
972,680,real,F20
972,550,real,F20
973,700,real,F20
973,230,real,F20
973,880,real,F20
973,270,real,F20
974,510,real,F20
974,140,real,F20
975,780,real,F20
975,630,real,F20
976,690,real,F19
976,940,real,F19
977,1070,real,F20
977,880,real,F20
977,260,real,F20
977,210,real,F20
978,220,real,F20
978,140,real,F20
978,130,real,F20
978,750,real,F20
979,230,real,F20
979,570,real,F20
979,190,real,F20
979,930,real,F20
980,950,real,F20
980,930,real,F20
980,520,real,F20
980,400,real,F20
980,140,real,F20
981,1030,real,F18
981,1060,real,F18
981,170,real,F18
981,750,real,F18
981,770,real,F18
982,490,real,F11
983,360,real,F13
983,530,real,F13
983,720,real,F13
984,350,real,F20
984,110,real,F20
984,960,real,F20
984,430,real,F20
985,360,real,F7
985,160,real,F7
985,200,real,F7
986,570,real,F18
986,550,real,F18
986,280,real,F18
987,970,real,F20
987,200,real,F20
988,840,real,F20
988,210,real,F20
988,1020,real,F20
988,450,real,F20
988,110,real,F20
989,920,real,F18
989,610,real,F18
989,520,real,F18
989,1040,real,F18
989,570,real,F18
990,410,real,F20
990,100,real,F20
990,1030,real,F20
990,270,real,F20
990,200,real,F20
991,1080,real,F20
991,330,real,F20
991,530,real,F20
991,1000,real,F20
991,120,real,F20
992,1030,real,F20
992,440,real,F20
992,220,real,F20
992,360,real,F20
993,490,real,F20
993,600,real,F20
994,660,real,F2
994,1020,real,F2
995,1090,real,F20
995,290,real,F20
996,530,real,F20
996,370,real,F20
996,260,real,F20
997,830,real,F20
997,910,real,F20
998,560,real,F20
998,980,real,F20
999,540,real,F20
999,640,real,F20
999,280,real,F20
999,930,real,F20
999,240,real,F20
1000,370,real,F16
1000,870,real,F16
1000,300,real,F16
1001,290,real,F15
1001,750,real,F15
1001,130,real,F15
1001,230,real,F15
1001,720,real,F15
1002,190,real,F20
1002,610,real,F20
1003,700,real,F20
1003,1000,real,F20
1003,650,real,F20
1003,820,real,F20
1004,540,real,F18
1004,420,real,F18
1004,130,real,F18
1005,670,real,F20
1005,280,real,F20
1005,860,real,F20
1005,330,real,F20
1006,350,real,F15
1006,250,real,F15
1007,1040,real,F20
1007,900,real,F20
1007,810,real,F20
1007,690,real,F20
1008,770,real,F14
1009,570,real,F10
1010,710,real,F20
1010,970,real,F20
1010,750,real,F20
1011,100,real,F20
1011,950,real,F20
1011,640,real,F20
1011,280,real,F20
1011,230,real,F20
1012,160,real,F4
1013,200,real,F20
1013,670,real,F20
1013,370,real,F20
1013,190,real,F20
1014,320,real,F6
1015,910,real,F20
1016,100,real,F20
1016,150,real,F20
1016,1060,real,F20
1017,320,real,F20
1017,1060,real,F20
1018,100,real,F20
1018,1030,real,F20
1018,930,real,F20
1018,860,real,F20
1018,710,real,F20
1019,430,real,F20
1019,980,real,F20
1019,750,real,F20
1019,370,real,F20
1020,1090,real,F20
1020,750,real,F20
1020,440,real,F20
1020,710,real,F20
1021,640,real,F13
1022,600,real,F15
1023,420,real,F10
1023,460,real,F10
1024,320,real,F20
1024,250,real,F20
1024,950,real,F20
1024,190,real,F20
1024,690,real,F20
1025,630,real,F20
1025,690,real,F20
1026,840,real,F20
1026,790,real,F20
1026,380,real,F20
1026,270,real,F20
1027,150,real,F10
1027,550,real,F10
1027,100,real,F10
1028,390,real,F10
1029,150,real,F11
1029,540,real,F11
1029,320,real,F11
1030,180,real,F20
1030,1010,real,F20
1030,150,real,F20
1030,610,real,F20
1031,560,real,F17
1031,540,real,F17
1031,190,real,F17
1031,140,real,F17
1032,380,real,F13
1032,570,real,F13
1032,150,real,F13
1033,570,real,F16
1033,300,real,F16
1034,340,real,F8
1034,300,real,F8
1034,400,real,F8
1035,740,real,F17
1035,950,real,F17
1035,770,real,F17
1035,400,real,F17
1036,1020,real,F20
1037,820,real,F15
1037,190,real,F15
1037,660,real,F15
1038,960,real,F20
1038,410,real,F20
1039,780,real,F20
1039,650,real,F20
1039,930,real,F20
1039,830,real,F20
1039,680,real,F20
1040,100,real,F20
1040,220,real,F20
1040,760,real,F20
1041,230,real,F18
1041,460,real,F18
1041,1020,real,F18
1041,150,real,F18
1041,790,real,F18
1042,640,real,F20
1043,1040,real,F20
1043,240,real,F20
1043,520,real,F20
1043,470,real,F20
1043,480,real,F20
1044,590,real,F20
1044,630,real,F20
1044,1070,real,F20
1044,310,real,F20
1045,410,real,F11
1046,980,real,F20
1046,400,real,F20
1047,640,real,F12
1048,780,real,F15
1048,610,real,F15
1049,1080,real,F20
1049,990,real,F20
1049,910,real,F20
1050,100,real,F17
1050,970,real,F17
1050,760,real,F17
1051,480,real,F20
1051,980,real,F20
1052,890,real,F20
1052,850,real,F20
1052,430,real,F20
1052,900,real,F20
1053,610,real,F20
1053,430,real,F20
1053,980,real,F20
1054,1020,real,F20
1054,330,real,F20
1054,370,real,F20
1055,1020,real,F20
1056,950,real,F20
1056,780,real,F20
1056,1060,real,F20
1056,630,real,F20
1056,220,real,F20
1057,690,real,F20
1057,740,real,F20
1057,230,real,F20
1058,210,real,F8
1058,450,real,F8
1059,450,real,F14
1060,1060,real,F20
1060,500,real,F20
1060,240,real,F20
1060,560,real,F20
1060,540,real,F20
1061,590,real,F20
1062,1010,real,F20
1063,480,real,F20
1063,670,real,F20
1064,250,real,F20
1064,1030,real,F20
1064,990,real,F20
1064,1070,real,F20
1064,640,real,F20
1065,1070,real,F20
1066,110,real,F20
1066,710,real,F20
1066,300,real,F20
1066,780,real,F20
1067,1090,real,F20
1068,170,real,F20
1068,470,real,F20
1068,750,real,F20
1068,860,real,F20
1069,180,real,F18
1069,700,real,F18
1069,870,real,F18
1069,300,real,F18
1070,530,real,F15
1070,120,real,F15
1070,350,real,F15
1070,640,real,F15
1071,750,real,F20
1071,560,real,F20
1071,920,real,F20
1071,640,real,F20
1071,960,real,F20
1072,870,real,F19
1072,520,real,F19
1072,360,real,F19
1072,170,real,F19
1072,190,real,F19
1073,800,real,F20
1073,840,real,F20
1073,460,real,F20
1073,340,real,F20
1073,410,real,F20
1074,1060,real,F20
1074,210,real,F20
1074,220,real,F20
1074,280,real,F20
1075,650,real,F16
1075,180,real,F16
1075,810,real,F16
1076,370,real,F20
1077,620,real,F17
1077,890,real,F17
1077,710,real,F17
1078,210,real,F20
1078,370,real,F20
1078,950,real,F20
1078,890,real,F20
1079,240,real,F20
1079,870,real,F20
1079,1050,real,F20
1080,260,real,F20
1080,250,real,F20
1080,810,real,F20
1080,1020,real,F20
1080,120,real,F20
1081,760,real,F20
1081,970,real,F20
1081,740,real,F20
1081,1040,real,F20
1082,190,real,F20
1082,640,real,F20
1082,480,real,F20
1082,1070,real,F20
1082,790,real,F20
1083,950,real,F20
1083,560,real,F20
1083,670,real,F20
1083,270,real,F20
1083,650,real,F20
1084,560,real,F20
1084,1030,real,F20
1084,1050,real,F20
1084,110,real,F20
1085,720,real,F20
1085,410,real,F20
1085,1070,real,F20
1085,1090,real,F20
1085,590,real,F20
1086,480,real,F20
1086,1040,real,F20
1087,350,real,F20
1087,1090,real,F20
1087,660,real,F20
1087,860,real,F20
1087,420,real,F20
1088,360,real,F20
1088,590,real,F20
1089,950,real,F20
1089,1000,real,F20
1089,280,real,F20
1089,880,real,F20
1089,940,real,F20
1090,530,real,F20
1090,940,real,F20
1091,490,real,F20
1091,350,real,F20
1091,960,real,F20
1091,740,real,F20
1092,850,real,F20
1092,480,real,F20
1092,690,real,F20
1093,440,real,F20
1093,490,real,F20
1093,980,real,F20
1093,580,real,F20
1094,140,real,F10
1095,890,real,F20
1095,930,real,F20
1095,110,real,F20
1095,720,real,F20
1096,780,real,F20
1096,460,real,F20
1096,620,real,F20
1096,280,real,F20
1096,1040,real,F20
1097,940,real,F20
1097,330,real,F20
1097,520,real,F20
1097,950,real,F20
1098,930,real,F18
1098,500,real,F18
1098,770,real,F18
1099,870,real,F20
1099,480,real,F20
1100,640,real,F14
1100,230,real,F14
1100,750,real,F14
1101,230,real,F20
1101,1030,real,F20
1101,450,real,F20
1101,330,real,F20
1101,780,real,F20
1102,270,real,F20
1102,980,real,F20
1102,230,real,F20
1102,520,real,F20
1103,500,real,F14
1103,810,real,F14
1103,280,real,F14
1104,370,real,F20
1104,770,real,F20
1104,930,real,F20
1105,810,real,F16
1105,800,real,F16
1105,100,real,F16
1105,160,real,F16
1106,900,real,F17
1106,480,real,F17
1106,230,real,F17
1106,450,real,F17
1106,220,real,F17
1107,490,real,F20
1107,750,real,F20
1107,140,real,F20
1107,100,real,F20
1107,660,real,F20
1108,520,real,F20
1108,270,real,F20
1108,880,real,F20
1109,470,real,F20
1109,160,real,F20
1109,110,real,F20
1109,960,real,F20
1109,640,real,F20
1110,290,real,F2
1110,450,real,F2
1110,180,real,F2
1111,590,real,F20
1111,600,real,F20
1111,710,real,F20
1112,1080,real,F20
1112,480,real,F20
1112,700,real,F20
1112,880,real,F20
1112,330,real,F20
1113,1030,real,F20
1114,440,real,F10
1114,590,real,F10
1115,420,real,F20
1115,1060,real,F20
1115,850,real,F20
1116,1020,real,F20
1116,890,real,F20
1117,210,real,F13
1117,230,real,F13
1117,750,real,F13
1117,330,real,F13
1117,660,real,F13
1118,500,real,F20
1118,1010,real,F20
1119,930,real,F20
1119,260,real,F20
1120,370,real,F7
1121,670,real,F20
1122,1030,real,F20
1122,420,real,F20
1123,160,real,F12
1124,450,real,F20
1124,850,real,F20
1124,930,real,F20
1124,890,real,F20
1124,820,real,F20
1125,570,real,F20
1125,460,real,F20
1125,330,real,F20
1126,670,real,F20
1126,490,real,F20
1126,620,real,F20
1127,810,real,F17
1127,950,real,F17
1127,340,real,F17
1127,580,real,F17
1127,940,real,F17
1128,170,real,F5
1129,470,real,F20
1129,200,real,F20
1129,510,real,F20
1129,320,real,F20
1129,960,real,F20
1130,230,real,F11
1131,290,real,F20
1131,480,real,F20
1131,560,real,F20
1132,820,real,F20
1132,1060,real,F20
1132,700,real,F20
1132,390,real,F20
1132,480,real,F20
1133,920,real,F20
1133,420,real,F20
1133,650,real,F20
1134,730,real,F20
1135,1030,real,F20
1135,280,real,F20
1135,790,real,F20
1135,320,real,F20
1135,150,real,F20
1136,140,real,F3
1137,810,real,F20
1137,1010,real,F20
1138,110,real,F20
1138,730,real,F20
1138,290,real,F20
1138,220,real,F20
1139,720,real,F20
1139,1080,real,F20
1140,790,real,F20
1141,890,real,F20
1141,400,real,F20
1142,310,real,F20
1142,530,real,F20
1142,880,real,F20
1142,140,real,F20
1142,860,real,F20
1143,650,real,F20
1143,370,real,F20
1143,450,real,F20
1143,250,real,F20
1143,1070,real,F20
1144,860,real,F20
1145,850,real,F20
1145,910,real,F20
1146,1090,real,F20
1147,1020,real,F20
1148,1080,real,F20
1148,720,real,F20
1148,570,real,F20
1148,790,real,F20
1149,750,real,F14
1150,1010,real,F20
1150,1050,real,F20
1151,860,real,F20
1151,240,real,F20
1151,600,real,F20
1151,660,real,F20
1152,220,real,F14
1152,200,real,F14
1152,470,real,F14
1152,660,real,F14
1152,280,real,F14
1153,840,real,F20
1153,260,real,F20
1154,120,real,F7
1154,340,real,F7
1155,250,real,F20
1155,540,real,F20
1155,130,real,F20
1155,1060,real,F20
1156,630,real,F20
1156,830,real,F20
1156,490,real,F20
1156,580,real,F20
1156,1060,real,F20
1157,720,real,F20
1157,430,real,F20
1157,630,real,F20
1157,500,real,F20
1158,640,real,F20
1159,160,real,F10
1159,360,real,F10
1159,600,real,F10
1160,700,real,F14
1160,530,real,F14
1160,800,real,F14
1160,680,real,F14
1160,400,real,F14
1161,730,real,F20
1161,960,real,F20
1162,200,real,F20
1162,580,real,F20
1162,980,real,F20
1162,390,real,F20
1163,850,real,F20
1164,450,real,F20
1164,980,real,F20
1164,430,real,F20
1164,210,real,F20
1164,800,real,F20
1165,430,real,F19
1165,450,real,F19
1165,310,real,F19
1165,820,real,F19
1165,970,real,F19
1166,960,real,F20
1166,240,real,F20
1166,540,real,F20
1166,910,real,F20
1166,130,real,F20
1167,700,real,F16
1168,160,real,F20
1168,890,real,F20
1169,480,real,F19
1169,270,real,F19
1169,980,real,F19
1169,630,real,F19
1169,1040,real,F19
1170,120,real,F20
1170,1020,real,F20
1170,170,real,F20
1170,200,real,F20
1171,900,real,F20
1171,170,real,F20
1171,940,real,F20
1172,720,real,F18
1172,870,real,F18
1173,280,real,F20
1173,700,real,F20
1174,580,real,F11
1175,610,real,F20
1175,1050,real,F20
1175,930,real,F20
1175,270,real,F20
1176,520,real,F20
1177,260,real,F20
1177,650,real,F20
1177,510,real,F20
1177,1000,real,F20
1177,530,real,F20
1178,580,real,F2
1179,510,real,F20
1180,420,real,F14
1180,610,real,F14
1181,400,real,F20
1181,480,real,F20
1181,1020,real,F20
1182,590,real,F12
1182,120,real,F12
1183,340,real,F20
1183,580,real,F20
1183,860,real,F20
1184,520,real,F20
1184,150,real,F20
1184,250,real,F20
1184,330,real,F20
1185,680,real,F20
1185,990,real,F20
1185,900,real,F20
1185,140,real,F20
1186,520,real,F13
1186,280,real,F13
1186,640,real,F13
1187,740,real,F20
1188,1050,real,F20
1188,320,real,F20
1188,170,real,F20
1188,250,real,F20
1188,950,real,F20
1189,1040,real,F20
1189,250,real,F20
1190,130,real,F20
1190,920,real,F20
1191,330,real,F20
1191,650,real,F20
1191,780,real,F20
1191,1020,real,F20
1191,680,real,F20
1192,620,real,F20
1193,980,real,F20
1193,490,real,F20
1193,110,real,F20
1193,1020,real,F20
1194,530,real,F17
1194,900,real,F17
1194,120,real,F17
1194,220,real,F17
1194,250,real,F17
1195,1000,real,F20
1195,460,real,F20
1195,530,real,F20
1195,820,real,F20
1196,650,real,F20
1196,440,real,F20
1196,490,real,F20
1196,1030,real,F20
1196,370,real,F20
1197,220,real,F5
1198,420,real,F20
1198,150,real,F20
1198,230,real,F20
1198,860,real,F20
1199,630,real,F17
1200,160,real,F16
1200,410,real,F16
1201,650,real,F15
1201,680,real,F15
1202,720,real,F20
1202,920,real,F20
1202,400,real,F20
1202,360,real,F20
1202,310,real,F20
1203,490,real,F20
1204,800,real,F20
1205,400,real,F14
1205,570,real,F14
1205,790,real,F14
1205,180,real,F14
1206,170,real,F17
1206,720,real,F17
1207,250,real,F20
1207,940,real,F20
1207,200,real,F20
1207,330,real,F20
1207,1080,real,F20
1208,340,real,F9
1208,260,real,F9
1209,430,real,F9
1209,110,real,F9
1210,1080,real,F20
1211,870,real,F20
1211,720,real,F20
1211,130,real,F20
1212,780,real,F20
1212,200,real,F20
1212,400,real,F20
1213,1030,real,F20
1213,200,real,F20
1214,640,real,F20
1215,630,real,F13
1215,640,real,F13
1215,740,real,F13
1215,770,real,F13
1216,1010,real,F18
1216,460,real,F18
1216,670,real,F18
1216,130,real,F18
1216,180,real,F18
1217,610,real,F20
1218,940,real,F20
1219,390,real,F19
1219,200,real,F19
1219,1080,real,F19
1219,1070,real,F19
1219,160,real,F19
1220,710,real,F20
1220,340,real,F20
1220,920,real,F20
1220,730,real,F20
1220,550,real,F20
1221,970,real,F20
1221,740,real,F20
1221,1020,real,F20
1222,230,real,F10
1222,390,real,F10
1223,210,real,F20
1223,950,real,F20
1223,520,real,F20
1223,840,real,F20
1223,1070,real,F20
1224,710,real,F20
1224,730,real,F20
1224,820,real,F20
1224,430,real,F20
1224,1010,real,F20
1225,720,real,F15
1225,320,real,F15
1225,780,real,F15
1226,290,real,F20
1226,830,real,F20
1227,220,real,F5
1228,100,real,F20
1228,800,real,F20
1229,870,real,F20
1229,610,real,F20
1230,970,real,F20
1231,550,real,F11
1231,410,real,F11
1231,590,real,F11
1232,940,real,F19
1233,630,real,F20
1233,530,real,F20
1233,1060,real,F20
1233,750,real,F20
1233,470,real,F20
1234,740,real,F20
1234,1010,real,F20
1235,300,real,F20
1235,1060,real,F20
1235,450,real,F20
1235,660,real,F20
1236,930,real,F20
1236,470,real,F20
1236,690,real,F20
1236,480,real,F20
1237,100,real,F20
1237,1020,real,F20
1237,1050,real,F20
1237,400,real,F20
1238,520,real,F20
1238,950,real,F20
1239,870,real,F20
1239,530,real,F20
1239,860,real,F20
1239,580,real,F20
1240,230,real,F20
1240,980,real,F20
1240,100,real,F20
1241,1000,real,F20
1241,580,real,F20
1242,610,real,F14
1242,790,real,F14
1242,800,real,F14
1243,670,real,F15
1243,180,real,F15
1244,320,real,F6
1245,480,real,F12
1245,510,real,F12
1245,620,real,F12
1246,910,real,F20
1246,1060,real,F20
1246,420,real,F20
1246,440,real,F20
1246,710,real,F20
1247,210,real,F20
1247,840,real,F20
1247,690,real,F20
1247,450,real,F20
1248,320,real,F10
1248,530,real,F10
1249,220,real,F20
1249,180,real,F20
1249,1040,real,F20
1250,190,real,F6
1251,700,real,F20
1251,420,real,F20
1251,960,real,F20
1251,400,real,F20
1251,790,real,F20
1252,550,real,F20
1252,830,real,F20
1252,120,real,F20
1252,970,real,F20
1252,190,real,F20
1253,270,real,F5
1254,940,real,F20
1254,450,real,F20
1255,220,real,F13
1255,360,real,F13
1256,180,real,F20
1256,920,real,F20
1257,280,real,F10
1257,380,real,F10
1258,670,real,F20
1258,360,real,F20
1258,160,real,F20
1258,430,real,F20
1258,1010,real,F20
1259,620,real,F14
1259,770,real,F14
1259,430,real,F14
1260,590,real,F20
1260,870,real,F20
1260,1050,real,F20
1260,650,real,F20
1261,820,real,F20
1261,440,real,F20
1261,100,real,F20
1261,470,real,F20
1262,910,real,F20
1262,650,real,F20
1263,460,real,F18
1263,950,real,F18
1263,130,real,F18
1263,440,real,F18
1263,760,real,F18
1264,280,real,F12
1264,210,real,F12
1264,190,real,F12
1264,600,real,F12
1265,420,real,F20
1265,320,real,F20
1265,930,real,F20
1265,860,real,F20
1266,800,real,F20
1267,180,real,F20
1267,710,real,F20
1267,460,real,F20
1268,250,real,F20
1269,260,real,F20
1269,1090,real,F20
1269,510,real,F20
1269,480,real,F20
1270,580,real,F18
1270,790,real,F18
1270,650,real,F18
1270,490,real,F18
1270,1080,real,F18
1271,840,real,F20
1271,470,real,F20
1272,880,real,F20
1272,370,real,F20
1272,470,real,F20
1272,1060,real,F20
1273,810,real,F19
1273,970,real,F19
1273,400,real,F19
1273,1090,real,F19
1274,300,real,F20
1274,980,real,F20
1274,950,real,F20
1274,1080,real,F20
1274,210,real,F20
1275,490,real,F20
1275,520,real,F20
1275,460,real,F20
1275,240,real,F20
1275,930,real,F20
1276,960,real,F20
1276,840,real,F20
1276,370,real,F20
1277,1020,real,F20
1277,520,real,F20
1278,480,real,F10
1278,520,real,F10
1279,910,real,F20
1279,290,real,F20
1279,480,real,F20
1279,340,real,F20
1280,890,real,F20
1281,270,real,F20
1281,810,real,F20
1281,660,real,F20
1282,250,real,F13
1282,200,real,F13
1282,320,real,F13
1283,420,real,F20
1283,870,real,F20
1283,410,real,F20
1284,350,real,F20
1284,560,real,F20
1284,590,real,F20
1284,1010,real,F20
1285,680,real,F20
1285,540,real,F20
1285,1060,real,F20
1286,130,real,F3
1287,150,real,F20
1287,900,real,F20
1287,500,real,F20
1287,920,real,F20
1288,630,real,F20
1288,250,real,F20
1289,890,real,F20
1290,190,real,F20
1290,530,real,F20
1290,1020,real,F20
1291,300,real,F11
1291,510,real,F11
1292,260,real,F12
1292,560,real,F12
1293,1030,real,F20
1294,850,real,F20
1294,210,real,F20
1294,920,real,F20
1295,880,real,F16
1295,150,real,F16
1295,720,real,F16
1296,870,real,F20
1296,400,real,F20
1297,500,real,F9
1297,450,real,F9
1298,500,real,F20
1298,140,real,F20
1298,110,real,F20
1298,590,real,F20
1298,830,real,F20
1299,400,real,F11
1299,600,real,F11
1300,810,real,F20
1300,740,real,F20
1301,440,real,F20
1301,970,real,F20
1301,200,real,F20
1302,220,real,F4
1303,900,real,F20
1303,790,real,F20
1303,240,real,F20
1303,190,real,F20
1303,970,real,F20
1304,460,real,F20
1304,1030,real,F20
1304,1060,real,F20
1304,580,real,F20
1304,370,real,F20
1305,340,real,F20
1305,940,real,F20
1305,440,real,F20
1305,230,real,F20
1306,550,real,F20
1306,930,real,F20
1306,420,real,F20
1307,180,real,F7
1307,230,real,F7
1307,240,real,F7
1308,700,real,F1
1308,190,real,F1
1308,490,real,F1
1309,480,real,F19
1309,520,real,F19
1310,390,real,F20
1310,690,real,F20
1310,890,real,F20
1311,270,real,F20
1311,600,real,F20
1311,710,real,F20
1311,970,real,F20
1312,300,real,F9
1312,310,real,F9
1313,600,real,F20
1313,640,real,F20
1313,890,real,F20
1313,690,real,F20
1314,750,real,F20
1314,420,real,F20
1314,850,real,F20
1314,660,real,F20
1315,890,real,F20
1315,940,real,F20
1315,680,real,F20
1315,850,real,F20
1315,140,real,F20
1316,630,real,F20
1316,440,real,F20
1316,700,real,F20
1316,950,real,F20
1316,500,real,F20
1317,440,real,F8
1318,210,real,F20
1318,840,real,F20
1318,990,real,F20
1318,860,real,F20
1319,580,real,F20
1319,270,real,F20
1319,1060,real,F20
1319,850,real,F20
1320,620,real,F20
1320,280,real,F20
1320,350,real,F20
1320,880,real,F20
1321,860,real,F20
1321,320,real,F20
1321,1080,real,F20
1322,890,real,F20
1322,1020,real,F20
1322,350,real,F20
1322,320,real,F20
1323,650,real,F20
1323,770,real,F20
1323,430,real,F20
1324,140,real,F20
1324,1030,real,F20
1324,240,real,F20
1325,650,real,F20
1325,590,real,F20
1325,290,real,F20
1325,930,real,F20
1326,450,real,F20
1326,960,real,F20
1326,870,real,F20
1327,1010,real,F20
1327,1040,real,F20
1327,550,real,F20
1328,540,real,F20
1328,780,real,F20
1329,350,real,F20
1329,700,real,F20
1329,620,real,F20
1330,590,real,F20
1330,900,real,F20
1330,720,real,F20
1331,790,real,F20
1331,610,real,F20
1331,130,real,F20
1332,410,real,F15
1332,610,real,F15
1333,710,real,F20
1333,780,real,F20
1333,750,real,F20
1334,730,real,F20
1334,180,real,F20
1334,490,real,F20
1334,190,real,F20
1334,950,real,F20
1335,610,real,F20
1336,530,real,F19
1336,120,real,F19
1336,640,real,F19
1336,670,real,F19
1336,1040,real,F19
1337,370,real,F11
1337,160,real,F11
1337,510,real,F11
1338,200,real,F20
1338,680,real,F20
1338,150,real,F20
1338,900,real,F20
1339,400,real,F20
1339,640,real,F20
1339,220,real,F20
1339,1070,real,F20
1340,530,real,F13
1341,1010,real,F1
1341,340,real,F1
1341,800,real,F1
1341,940,real,F1
1342,840,real,F20
1342,940,real,F20
1342,350,real,F20
1343,460,real,F12
1343,230,real,F12
1344,140,real,F20
1344,780,real,F20
1344,1050,real,F20
1345,1030,real,F20
1345,450,real,F20
1346,850,real,F17
1346,220,real,F17
1346,320,real,F17
1346,100,real,F17
1346,540,real,F17
1347,680,real,F16
1347,440,real,F16
1348,520,real,F20
1348,660,real,F20
1348,1010,real,F20
1348,350,real,F20
1349,360,real,F20
1349,1030,real,F20
1349,600,real,F20
1349,840,real,F20
1350,220,real,F16
1350,600,real,F16
1350,840,real,F16
1350,660,real,F16
1351,890,real,F20
1351,470,real,F20
1352,880,real,F20
1352,310,real,F20
1352,1040,real,F20
1353,1040,real,F18
1353,400,real,F18
1353,630,real,F18
1353,890,real,F18
1354,770,real,F20
1355,440,real,F20
1355,480,real,F20
1355,360,real,F20
1355,1030,real,F20
1356,560,real,F20
1356,770,real,F20
1356,180,real,F20
1356,890,real,F20
1357,330,real,F20
1357,540,real,F20
1357,110,real,F20
1357,720,real,F20
1358,120,real,F17
1358,1000,real,F17
1358,470,real,F17
1358,970,real,F17
1358,420,real,F17
1359,710,real,F20
1360,550,real,F20
1360,460,real,F20
1360,790,real,F20
1361,1000,real,F20
1361,770,real,F20
1361,1010,real,F20
1361,980,real,F20
1361,780,real,F20
1362,960,real,F20
1362,630,real,F20
1362,1040,real,F20
1362,420,real,F20
1363,1060,real,F20
1364,1070,real,F19
1364,790,real,F19
1364,550,real,F19
1365,140,real,F9
1365,350,real,F9
1365,170,real,F9
1366,990,real,F20
1366,180,real,F20
1367,120,real,F20
1367,700,real,F20
1367,630,real,F20
1367,910,real,F20
1367,770,real,F20
1368,700,real,F20
1368,440,real,F20
1368,390,real,F20
1369,510,real,F12
1369,370,real,F12
1370,560,real,F20
1370,380,real,F20
1370,140,real,F20
1371,180,real,F5
1372,680,real,F20
1373,120,real,F20
1373,1010,real,F20
1373,660,real,F20
1373,1000,real,F20
1373,240,real,F20
1374,600,real,F10
1374,170,real,F10
1375,160,real,F8
1375,140,real,F8
1376,580,real,F20
1376,1020,real,F20
1376,360,real,F20
1376,1040,real,F20
1377,350,real,F20
1377,190,real,F20
1377,150,real,F20
1377,950,real,F20
1378,340,real,F8
1378,430,real,F8
1378,250,real,F8
1379,320,real,F20
1379,730,real,F20
1379,340,real,F20
1379,1020,real,F20
1379,290,real,F20
1380,430,real,F12
1380,470,real,F12
1381,170,real,F20
1381,640,real,F20
1381,970,real,F20
1382,440,real,F20
1382,970,real,F20
1382,960,real,F20
1383,980,real,F20
1383,1030,real,F20
1384,440,real,F20
1384,790,real,F20
1384,870,real,F20
1385,290,real,F16
1385,890,real,F16
1385,190,real,F16
1385,770,real,F16
1385,320,real,F16
1386,1040,real,F20
1386,1000,real,F20
1386,490,real,F20
1386,130,real,F20
1386,880,real,F20
1387,670,real,F14
1387,110,real,F14
1388,1060,real,F20
1388,530,real,F20
1388,250,real,F20
1389,650,real,F20
1389,100,real,F20
1389,330,real,F20
1389,660,real,F20
1389,310,real,F20
1390,1040,real,F20
1390,210,real,F20
1391,540,real,F20
1391,1070,real,F20
1392,1060,real,F20
1392,670,real,F20
1392,1050,real,F20
1392,860,real,F20
1392,1070,real,F20
1393,930,real,F17
1393,550,real,F17
1393,370,real,F17
1393,750,real,F17
1393,290,real,F17
1394,850,real,F20
1394,810,real,F20
1394,960,real,F20
1395,510,real,F20
1395,950,real,F20
1396,1080,real,F20
1396,250,real,F20
1396,570,real,F20
1396,350,real,F20
1396,680,real,F20
1397,450,real,F20
1397,880,real,F20
1398,280,real,F20
1398,120,real,F20
1399,290,real,F5
1400,600,real,F20
1401,1090,real,F20
1401,630,real,F20
1401,760,real,F20
1402,1050,real,F20
1403,240,real,F15
1403,600,real,F15
1403,740,real,F15
1403,770,real,F15
1403,370,real,F15
1404,490,real,F20
1404,730,real,F20
1404,570,real,F20
1405,770,real,F20
1405,1000,real,F20
1405,1090,real,F20
1406,290,real,F20
1406,1000,real,F20
1406,710,real,F20
1406,880,real,F20
1407,890,real,F20
1408,250,real,F11
1408,620,real,F11
1409,1040,real,F20
1409,550,real,F20
1409,350,real,F20
1409,860,real,F20
1409,600,real,F20
1410,320,real,F20
1410,860,real,F20
1411,900,real,F17
1411,240,real,F17
1411,100,real,F17
1411,980,real,F17
1412,320,real,F20
1412,690,real,F20
1412,950,real,F20
1412,880,real,F20
1412,640,real,F20
1413,240,real,F4
1414,310,real,F17
1414,830,real,F17
1414,930,real,F17
1415,890,real,F16
1415,780,real,F16
1415,520,real,F16
1416,390,real,F20
1416,720,real,F20
1416,430,real,F20
1416,370,real,F20
1416,250,real,F20
1417,400,real,F20
1417,450,real,F20
1417,200,real,F20
1417,640,real,F20
1417,300,real,F20
1418,980,real,F20
1418,180,real,F20
1418,950,real,F20
1418,490,real,F20
1419,190,real,F9
1420,460,real,F20
1420,990,real,F20
1420,340,real,F20
1420,690,real,F20
1420,310,real,F20
1421,300,real,F20
1421,200,real,F20
1421,150,real,F20
1421,910,real,F20
1421,100,real,F20
1422,140,real,F20
1422,940,real,F20
1422,560,real,F20
1422,250,real,F20
1422,580,real,F20
1423,250,real,F20
1423,860,real,F20
1423,480,real,F20
1423,760,real,F20
1423,620,real,F20
1424,310,real,F19
1424,970,real,F19
1424,730,real,F19
1424,350,real,F19
1425,620,real,F20
1425,170,real,F20
1425,220,real,F20
1426,420,real,F12
1426,410,real,F12
1427,270,real,F4
1428,980,real,F20
1428,640,real,F20
1428,890,real,F20
1429,260,real,F20
1429,790,real,F20
1429,820,real,F20
1429,660,real,F20
1430,970,real,F20
1430,740,real,F20
1430,600,real,F20
1430,1040,real,F20
1430,150,real,F20
1431,960,real,F20
1431,430,real,F20
1431,990,real,F20
1431,800,real,F20
1431,840,real,F20
1432,480,real,F20
1432,690,real,F20
1433,230,real,F20
1433,480,real,F20
1433,620,real,F20
1433,1030,real,F20
1434,380,real,F20
1434,650,real,F20
1434,870,real,F20
1435,390,real,F20
1435,430,real,F20
1435,830,real,F20
1436,1010,real,F20
1436,330,real,F20
1436,1080,real,F20
1436,1060,real,F20
1437,600,real,F11
1438,310,real,F20
1438,590,real,F20
1438,880,real,F20
1439,940,real,F20
1440,650,real,F20
1441,390,real,F20
1441,890,real,F20
1441,1050,real,F20
1441,570,real,F20
1441,630,real,F20
1442,620,real,F13
1442,310,real,F13
1442,530,real,F13
1442,650,real,F13
1442,220,real,F13
1443,760,real,F20
1444,790,real,F15
1444,350,real,F15
1445,670,real,F16
1446,660,real,F12
1447,630,real,F20
1447,910,real,F20
1447,680,real,F20
1447,420,real,F20
1447,840,real,F20
1448,270,real,F5
1448,230,real,F5
1449,550,real,F20
1449,370,real,F20
1449,870,real,F20
1450,260,real,F20
1450,1030,real,F20
1450,200,real,F20
1450,540,real,F20
1450,160,real,F20
1451,840,real,F20
1452,600,real,F20
1452,690,real,F20
1452,1020,real,F20
1453,200,real,F19
1453,180,real,F19
1453,1030,real,F19
1453,300,real,F19
1454,950,real,F20
1454,1010,real,F20
1454,890,real,F20
1454,660,real,F20
1454,780,real,F20
1455,210,real,F12
1456,180,real,F3
1457,300,real,F18
1457,880,real,F18
1458,350,real,F20
1458,340,real,F20
1459,1010,real,F20
1459,330,real,F20
1460,1050,real,F18
1460,710,real,F18
1460,910,real,F18
1461,520,real,F20
1461,880,real,F20
1461,600,real,F20
1462,380,real,F20
1462,520,real,F20
1462,1040,real,F20
1462,480,real,F20
1463,840,real,F20
1464,130,real,F12
1465,860,real,F17
1465,440,real,F17
1465,290,real,F17
1466,520,real,F20
1466,1040,real,F20
1466,720,real,F20
1467,1070,real,F20
1468,570,real,F20
1468,1040,real,F20
1468,620,real,F20
1469,1050,real,F20
1469,320,real,F20
1469,840,real,F20
1469,910,real,F20
1470,1070,real,F20
1470,300,real,F20
1470,960,real,F20
1470,100,real,F20
1471,1040,real,F20
1471,1030,real,F20
1471,380,real,F20
1471,550,real,F20
1471,970,real,F20
1472,730,real,F15
1472,160,real,F15
1472,810,real,F15
1473,450,real,F20
1474,1090,real,F20
1474,830,real,F20
1474,110,real,F20
1475,1070,real,F20
1476,490,real,F20
1476,670,real,F20
1476,770,real,F20
1476,570,real,F20
1476,200,real,F20
1477,700,real,F20
1477,160,real,F20
1478,470,real,F13
1479,1050,real,F20
1479,420,real,F20
1479,180,real,F20
1480,260,real,F20
1480,210,real,F20
1480,960,real,F20
1480,1010,real,F20
1480,690,real,F20
1481,380,real,F20
1481,970,real,F20
1481,490,real,F20
1482,410,real,F20
1482,260,real,F20
1482,760,real,F20
1482,850,real,F20
1483,980,real,F20
1483,520,real,F20
1484,980,real,F20
1484,860,real,F20
1484,720,real,F20
1484,960,real,F20
1485,140,real,F20
1485,670,real,F20
1485,880,real,F20
1486,780,real,F20
1486,860,real,F20
1486,850,real,F20
1486,220,real,F20
1487,810,real,F20
1488,730,real,F17
1489,220,real,F20
1489,1030,real,F20
1490,290,real,F20
1490,770,real,F20
1491,750,real,F20
1491,870,real,F20
1491,940,real,F20
1492,1060,real,F20
1492,680,real,F20
1492,1020,real,F20
1492,140,real,F20
1492,180,real,F20
1493,1010,real,F20
1493,440,real,F20
1493,590,real,F20
1493,470,real,F20
1494,180,real,F20
1494,190,real,F20
1494,810,real,F20
1495,710,real,F20
1495,870,real,F20
1495,280,real,F20
1495,500,real,F20
1495,620,real,F20
1496,940,real,F20
1496,850,real,F20
1496,400,real,F20
1496,880,real,F20
1497,1080,real,F20
1497,750,real,F20
1497,250,real,F20
1497,1050,real,F20
1497,670,real,F20
1498,470,real,F20
1498,970,real,F20
1499,1000,real,F20
1500,890,real,F20
1501,560,real,F11
1502,940,real,F18
1502,390,real,F18
1502,1000,real,F18
1503,130,real,F17
1503,990,real,F17
1503,960,real,F17
1503,470,real,F17
1503,860,real,F17
1504,490,real,F18
1504,470,real,F18
1504,620,real,F18
1504,400,real,F18
1505,230,real,F20
1505,370,real,F20
1505,390,real,F20
1505,170,real,F20
1505,1020,real,F20
1506,800,real,F20
1506,850,real,F20
1506,670,real,F20
1507,830,real,F20
1507,130,real,F20
1507,700,real,F20
1507,510,real,F20
1507,420,real,F20
1508,1000,real,F18
1508,190,real,F18
1509,160,real,F20
1509,720,real,F20
1510,180,real,F4
1510,270,real,F4
1511,400,real,F11
1511,550,real,F11
1512,600,real,F17
1512,690,real,F17
1512,920,real,F17
1512,830,real,F17
1512,630,real,F17
1513,740,real,F20
1513,630,real,F20
1513,560,real,F20
1513,1030,real,F20
1514,790,real,F14
1515,520,real,F20
1515,510,real,F20
1515,350,real,F20
1515,800,real,F20
1515,380,real,F20
1516,130,real,F3
1517,490,real,F8
1518,550,real,F20
1518,270,real,F20
1518,600,real,F20
1518,660,real,F20
1519,550,real,F12
1520,710,real,F20
1520,560,real,F20
1520,840,real,F20
1520,1070,real,F20
1520,1010,real,F20
1521,850,real,F20
1521,180,real,F20
1521,210,real,F20
1521,390,real,F20
1521,430,real,F20
1522,130,real,F9
1522,140,real,F9
1522,460,real,F9
1523,890,real,F2
1523,200,real,F2
1524,310,real,F20
1524,840,real,F20
1525,1090,real,F20
1525,360,real,F20
1526,220,real,F6
1527,250,real,F6
1527,360,real,F6
1528,860,real,F17
1528,960,real,F17
1528,310,real,F17
1528,440,real,F17
1529,280,real,F20
1529,930,real,F20
1529,740,real,F20
1529,510,real,F20
1529,870,real,F20
1530,990,real,F20
1530,360,real,F20
1530,1050,real,F20
1530,530,real,F20
1530,230,real,F20
1531,580,real,F20
1531,1080,real,F20
1531,820,real,F20
1531,650,real,F20
1531,560,real,F20
1532,790,real,F20
1532,350,real,F20
1532,870,real,F20
1532,710,real,F20
1532,150,real,F20
1533,690,real,F20
1533,1010,real,F20
1533,940,real,F20
1533,280,real,F20
1534,210,real,F10
1534,400,real,F10
1534,340,real,F10
1534,320,real,F10
1535,880,real,F20
1536,830,real,F20
1536,1090,real,F20
1537,810,real,F20
1537,760,real,F20
1537,1030,real,F20
1538,880,real,F20
1538,680,real,F20
1539,690,real,F20
1539,430,real,F20
1539,780,real,F20
1540,160,real,F20
1540,1030,real,F20
1541,910,real,F20
1541,590,real,F20
1542,280,real,F20
1542,730,real,F20
1543,530,real,F11
1543,470,real,F11
1543,130,real,F11
1544,320,real,F20
1544,660,real,F20
1544,1010,real,F20
1545,290,real,F7
1545,380,real,F7
1546,530,real,F20
1547,260,real,F20
1548,260,real,F5
1548,160,real,F5
1548,210,real,F5
1549,360,real,F13
1549,220,real,F13
1549,650,real,F13
1550,1030,real,F20
1550,1090,real,F20
1550,960,real,F20
1550,140,real,F20
1551,990,real,F20
1551,660,real,F20
1551,360,real,F20
1551,100,real,F20
1551,510,real,F20
1552,540,real,F20
1552,130,real,F20
1552,970,real,F20
1552,1000,real,F20
1552,750,real,F20
1553,430,real,F11
1553,140,real,F11
1553,380,real,F11
1554,170,real,F13
1554,280,real,F13
1554,650,real,F13
1554,690,real,F13
1554,210,real,F13
1555,400,real,F20
1555,910,real,F20
1555,590,real,F20
1555,1090,real,F20
1556,840,real,F15
1556,570,real,F15
1557,720,real,F15
1558,580,real,F14
1558,670,real,F14
1558,710,real,F14
1558,160,real,F14
1559,420,real,F20
1559,930,real,F20
1560,270,real,F20
1560,230,real,F20
1560,130,real,F20
1560,340,real,F20
1561,220,real,F17
1561,390,real,F17
1561,830,real,F17
1562,400,real,F15
1562,830,real,F15
1562,590,real,F15
1562,310,real,F15
1562,770,real,F15
1563,840,real,F20
1564,1070,real,F20
1564,1010,real,F20
1565,750,real,F20
1565,440,real,F20
1565,820,real,F20
1565,200,real,F20
1565,980,real,F20
1566,820,real,F20
1566,540,real,F20
1567,830,real,F20
1567,350,real,F20
1567,210,real,F20
1567,240,real,F20
1568,100,real,F3
1569,870,real,F20
1569,570,real,F20
1569,730,real,F20
1569,1040,real,F20
1569,1090,real,F20
1570,900,real,F20
1570,720,real,F20
1570,1060,real,F20
1570,380,real,F20
1571,550,real,F19
1571,560,real,F19
1572,920,real,F20
1572,710,real,F20
1572,510,real,F20
1573,1060,real,F20
1573,130,real,F20
1573,910,real,F20
1574,630,real,F20
1574,550,real,F20
1574,100,real,F20
1574,520,real,F20
1574,220,real,F20
1575,830,real,F20
1575,840,real,F20
1575,470,real,F20
1575,820,real,F20
1575,990,real,F20
1576,200,real,F15
1576,270,real,F15
1576,750,real,F15
1577,920,real,F20
1577,200,real,F20
1577,830,real,F20
1577,260,real,F20
1577,770,real,F20
1578,900,real,F20
1578,830,real,F20
1579,760,real,F16
1580,110,real,F20
1580,1080,real,F20
1581,880,real,F20
1581,610,real,F20
1582,270,real,F20
1582,910,real,F20
1582,990,real,F20
1582,370,real,F20
1583,530,real,F18
1583,150,real,F18
1583,140,real,F18
1583,190,real,F18
1583,410,real,F18
1584,470,real,F20
1584,410,real,F20
1584,560,real,F20
1584,460,real,F20
1584,580,real,F20
1585,1080,real,F20
1585,670,real,F20
1585,120,real,F20
1585,790,real,F20
1585,480,real,F20
1586,120,real,F16
1586,570,real,F16
1586,620,real,F16
1586,610,real,F16
1587,320,real,F20
1587,220,real,F20
1587,1080,real,F20
1587,200,real,F20
1588,580,real,F20
1588,430,real,F20
1588,610,real,F20
1588,390,real,F20
1589,860,real,F20
1589,950,real,F20
1590,950,real,F20
1590,350,real,F20
1591,190,real,F20
1591,930,real,F20
1591,920,real,F20
1591,340,real,F20
1591,160,real,F20
1592,830,real,F20
1592,240,real,F20
1592,680,real,F20
1592,1030,real,F20
1592,460,real,F20
1593,430,real,F20
1593,810,real,F20
1593,410,real,F20
1594,630,real,F16
1594,760,real,F16
1595,500,real,F17
1595,790,real,F17
1595,550,real,F17
1595,990,real,F17
1595,110,real,F17
1596,980,real,F17
1597,1060,real,F20
1597,960,real,F20
1597,740,real,F20
1597,870,real,F20
1598,880,real,F20
1598,910,real,F20
1598,230,real,F20
1598,810,real,F20
1598,1030,real,F20
1599,890,real,F17
1599,380,real,F17
1599,190,real,F17
1599,850,real,F17
1599,310,real,F17
1600,250,real,F20
1600,550,real,F20
1600,920,real,F20
1600,620,real,F20
1600,840,real,F20
1601,870,real,F20
1601,140,real,F20
1601,940,real,F20
1601,970,real,F20
1602,220,real,F9
1603,930,real,F20
1603,710,real,F20
1603,1060,real,F20
1603,770,real,F20
1604,660,real,F16
1605,330,real,F20
1605,560,real,F20
1605,1080,real,F20
1605,1050,real,F20
1606,750,real,F14
1606,820,real,F14
1607,530,real,F20
1607,810,real,F20
1607,410,real,F20
1607,650,real,F20
1608,650,real,F18
1609,500,real,F9
1610,520,real,F20
1610,1000,real,F20
1610,150,real,F20
1611,190,real,F14
1611,580,real,F14
1611,410,real,F14
1611,110,real,F14
1611,770,real,F14
1612,650,real,F20
1612,720,real,F20
1612,220,real,F20
1612,860,real,F20
1612,980,real,F20
1613,700,real,F19
1613,140,real,F19
1614,220,real,F5
1615,930,real,F18
1615,100,real,F18
1615,880,real,F18
1615,170,real,F18
1616,660,real,F20
1616,710,real,F20
1616,260,real,F20
1617,1070,real,F20
1617,290,real,F20
1617,680,real,F20
1617,210,real,F20
1617,180,real,F20
1618,780,real,F15
1619,360,real,F20
1619,950,real,F20
1619,210,real,F20
1620,150,real,F6
1621,580,real,F20
1621,500,real,F20
1622,320,real,F20
1622,1050,real,F20
1622,370,real,F20
1623,630,real,F20
1623,930,real,F20
1623,780,real,F20
1623,800,real,F20
1624,950,real,F20
1624,580,real,F20
1625,820,real,F20
1625,100,real,F20
1626,370,real,F20
1626,360,real,F20
1626,1020,real,F20
1627,750,real,F14
1628,520,real,F20
1628,870,real,F20
1628,360,real,F20
1628,830,real,F20
1628,340,real,F20
1629,110,real,F20
1629,1030,real,F20
1629,340,real,F20
1629,540,real,F20
1630,590,real,F18
1630,580,real,F18
1631,300,real,F11
1631,600,real,F11
1632,840,real,F19
1632,700,real,F19
1632,750,real,F19
1632,610,real,F19
1633,900,real,F20
1633,1000,real,F20
1633,970,real,F20
1633,950,real,F20
1634,710,real,F13
1634,370,real,F13
1635,170,real,F20
1635,230,real,F20
1635,190,real,F20
1635,800,real,F20
1635,960,real,F20
1636,500,real,F9
1637,380,real,F20
1637,230,real,F20
1637,400,real,F20
1638,300,real,F20
1638,720,real,F20
1639,900,real,F20
1639,690,real,F20
1639,570,real,F20
1639,610,real,F20
1639,710,real,F20
1640,900,real,F20
1640,440,real,F20
1641,130,real,F20
1641,220,real,F20
1641,870,real,F20
1642,190,real,F11
1642,360,real,F11
1643,1000,real,F18
1643,800,real,F18
1643,610,real,F18
1644,990,real,F20
1644,320,real,F20
1644,480,real,F20
1644,100,real,F20
1645,380,real,F20
1645,490,real,F20
1645,640,real,F20
1645,850,real,F20
1646,880,real,F20
1646,550,real,F20
1647,630,real,F20
1647,760,real,F20
1647,910,real,F20
1647,430,real,F20
1647,110,real,F20
1648,960,real,F20
1648,430,real,F20
1648,600,real,F20
1649,160,real,F20
1649,520,real,F20
1649,750,real,F20
1649,130,real,F20
1650,1060,real,F20
1650,510,real,F20
1650,190,real,F20
1650,370,real,F20
1650,890,real,F20
1651,240,real,F20
1651,370,real,F20
1651,740,real,F20
1651,850,real,F20
1652,890,real,F20
1652,400,real,F20
1653,370,real,F20
1653,890,real,F20
1653,400,real,F20
1653,410,real,F20
1654,580,real,F20
1654,520,real,F20
1654,1080,real,F20
1654,180,real,F20
1655,640,real,F20
1656,690,real,F20
1656,580,real,F20
1656,610,real,F20
1656,240,real,F20
1656,1020,real,F20
1657,840,real,F20
1658,480,real,F16
1658,110,real,F16
1658,320,real,F16
1658,690,real,F16
1658,820,real,F16
1659,290,real,F20
1659,1000,real,F20
1660,840,real,F20
1660,590,real,F20
1660,660,real,F20
1661,500,real,F20
1661,790,real,F20
1661,470,real,F20
1661,580,real,F20
1662,310,real,F20
1662,520,real,F20
1662,440,real,F20
1662,1070,real,F20
1663,490,real,F18
1663,790,real,F18
1663,1040,real,F18
1663,310,real,F18
1663,800,real,F18
1664,240,real,F20
1664,450,real,F20
1664,820,real,F20
1664,310,real,F20
1665,380,real,F20
1665,330,real,F20
1665,220,real,F20
1665,440,real,F20
1666,520,real,F15
1667,830,real,F20
1667,970,real,F20
1667,880,real,F20
1668,1040,real,F19
1668,1020,real,F19
1668,310,real,F19
1668,690,real,F19
1668,820,real,F19
1669,690,real,F20
1669,100,real,F20
1669,840,real,F20
1669,290,real,F20
1670,810,real,F20
1670,720,real,F20
1670,1060,real,F20
1670,940,real,F20
1670,880,real,F20
1671,480,real,F20
1671,550,real,F20
1672,720,real,F17
1672,860,real,F17
1672,430,real,F17
1672,700,real,F17
1673,660,real,F20
1673,1010,real,F20
1674,240,real,F10
1674,580,real,F10
1675,140,real,F3
1675,160,real,F3
1676,790,real,F15
1676,400,real,F15
1677,390,real,F20
1677,970,real,F20
1677,600,real,F20
1678,140,real,F3
1679,500,real,F20
1679,980,real,F20
1679,150,real,F20
1679,360,real,F20
1680,750,real,F20
1680,440,real,F20
1681,370,real,F10
1681,160,real,F10
1682,1060,real,F20
1682,300,real,F20
1682,690,real,F20
1682,130,real,F20
1682,1000,real,F20
1683,880,real,F20
1683,360,real,F20
1683,1080,real,F20
1683,850,real,F20
1684,370,real,F6
1685,240,real,F20
1685,990,real,F20
1686,750,real,F20
1686,730,real,F20
1686,1090,real,F20
1686,1020,real,F20
1686,430,real,F20
1687,720,real,F20
1687,300,real,F20
1687,360,real,F20
1687,1050,real,F20
1687,550,real,F20
1688,640,real,F17
1688,420,real,F17
1688,610,real,F17
1688,960,real,F17
1689,740,real,F20
1690,730,real,F20
1690,670,real,F20
1690,850,real,F20
1690,790,real,F20
1690,700,real,F20
1691,1080,real,F20
1691,580,real,F20
1692,670,real,F17
1692,190,real,F17
1693,770,real,F20
1693,850,real,F20
1693,730,real,F20
1693,660,real,F20
1694,310,real,F20
1694,600,real,F20
1694,1070,real,F20
1694,770,real,F20
1694,550,real,F20
1695,700,real,F20
1695,730,real,F20
1696,930,real,F20
1696,120,real,F20
1697,960,real,F20
1698,570,real,F13
1699,680,real,F20
1699,830,real,F20
1699,720,real,F20
1699,1080,real,F20
1700,1070,real,F20
1701,310,real,F20
1701,750,real,F20
1701,180,real,F20
1701,1020,real,F20
1701,530,real,F20
1702,880,real,F20
1702,820,real,F20
1702,680,real,F20
1702,710,real,F20
1702,900,real,F20
1703,510,real,F15
1703,830,real,F15
1703,760,real,F15
1703,240,real,F15
1704,890,real,F16
1704,340,real,F16
1704,380,real,F16
1704,790,real,F16
1704,250,real,F16
1705,130,real,F20
1705,800,real,F20
1705,590,real,F20
1706,980,real,F2
1706,1030,real,F2
1706,280,real,F2
1707,620,real,F20
1707,1090,real,F20
1707,580,real,F20
1707,1080,real,F20
1707,780,real,F20
1708,220,real,F20
1708,640,real,F20
1708,1070,real,F20
1708,1030,real,F20
1709,140,real,F8
1709,470,real,F8
1710,320,real,F9
1711,850,real,F20
1711,330,real,F20
1711,1090,real,F20
1712,560,real,F17
1712,260,real,F17
1712,240,real,F17
1712,680,real,F17
1712,430,real,F17
1713,860,real,F16
1713,510,real,F16
1713,300,real,F16
1713,140,real,F16
1714,220,real,F20
1714,550,real,F20
1714,400,real,F20
1714,1040,real,F20
1715,540,real,F13
1716,640,real,F20
1717,1080,real,F20
1717,650,real,F20
1717,880,real,F20
1717,550,real,F20
1718,1080,real,F20
1718,950,real,F20
1718,670,real,F20
1718,830,real,F20
1718,140,real,F20
1719,460,real,F20
1719,110,real,F20
1719,920,real,F20
1720,1010,real,F20
1720,900,real,F20
1721,880,real,F20
1721,420,real,F20
1721,260,real,F20
1722,800,real,F20
1722,340,real,F20
1722,390,real,F20
1723,270,real,F19
1723,430,real,F19
1724,620,real,F11
1725,1080,real,F20
1725,210,real,F20
1725,650,real,F20
1725,420,real,F20
1726,680,real,F18
1726,930,real,F18
1727,660,real,F20
1727,630,real,F20
1727,640,real,F20
1728,1040,real,F20
1728,550,real,F20
1729,650,real,F18
1730,610,real,F16
1731,460,real,F9
1732,340,real,F11
1732,180,real,F11
1732,470,real,F11
1733,390,real,F20
1733,680,real,F20
1734,480,real,F9
1735,550,real,F20
1735,820,real,F20
1736,640,real,F19
1736,340,real,F19
1736,830,real,F19
1736,180,real,F19
1737,540,real,F20
1738,400,real,F20
1738,790,real,F20
1738,190,real,F20
1738,770,real,F20
1739,910,real,F20
1740,160,real,F20
1740,740,real,F20
1740,640,real,F20
1741,510,real,F12
1741,650,real,F12
1742,860,real,F20
1742,920,real,F20
1742,1020,real,F20
1742,1090,real,F20
1743,210,real,F20
1743,530,real,F20
1743,500,real,F20
1744,690,real,F18
1744,280,real,F18
1744,1000,real,F18
1744,1040,real,F18
1744,390,real,F18
1745,180,real,F20
1745,560,real,F20
1745,750,real,F20
1746,540,real,F20
1746,630,real,F20
1746,650,real,F20
1746,820,real,F20
1746,350,real,F20
1747,580,real,F10
1748,900,real,F17
1749,950,real,F20
1749,120,real,F20
1749,600,real,F20
1750,110,real,F3
1751,580,real,F12
1752,410,real,F11
1752,190,real,F11
1752,180,real,F11
1752,290,real,F11
1752,150,real,F11
1753,950,real,F20
1753,1070,real,F20
1754,760,real,F20
1754,210,real,F20
1754,410,real,F20
1754,900,real,F20
1755,510,real,F2
1755,450,real,F2
1755,940,real,F2
1755,220,real,F2
1755,820,real,F2
1756,380,real,F20
1756,980,real,F20
1757,1080,real,F1
1757,530,real,F1
1757,370,real,F1
1757,150,real,F1
1758,310,real,F15
1759,490,real,F20
1759,390,real,F20
1759,930,real,F20
1759,790,real,F20
1759,440,real,F20
1760,1020,real,F19
1760,860,real,F19
1761,1060,real,F20
1761,590,real,F20
1761,150,real,F20
1761,740,real,F20
1761,310,real,F20
1762,550,real,F20
1762,760,real,F20
1762,880,real,F20
1762,960,real,F20
1762,820,real,F20
1763,690,real,F20
1763,510,real,F20
1764,270,real,F12
1765,220,real,F20
1765,400,real,F20
1765,700,real,F20
1765,360,real,F20
1765,1090,real,F20
1766,160,real,F20
1766,510,real,F20
1766,740,real,F20
1766,680,real,F20
1766,300,real,F20
1767,700,real,F20
1767,1070,real,F20
1767,460,real,F20
1768,1010,real,F20
1769,280,real,F9
1769,270,real,F9
1770,850,real,F20
1770,720,real,F20
1771,370,real,F9
1771,450,real,F9
1772,440,real,F20
1772,460,real,F20
1772,470,real,F20
1772,1080,real,F20
1773,440,real,F20
1773,960,real,F20
1773,690,real,F20
1774,1030,real,F20
1774,830,real,F20
1774,1020,real,F20
1774,420,real,F20
1775,1000,real,F20
1775,700,real,F20
1775,910,real,F20
1776,210,real,F20
1776,1040,real,F20
1776,930,real,F20
1776,880,real,F20
1777,200,real,F20
1777,550,real,F20
1778,620,real,F20
1778,720,real,F20
1778,210,real,F20
1778,360,real,F20
1778,790,real,F20
1779,780,real,F20
1779,140,real,F20
1779,420,real,F20
1779,580,real,F20
1779,210,real,F20
1780,840,real,F20
1780,480,real,F20
1780,140,real,F20
1780,1000,real,F20
1780,1050,real,F20
1781,110,real,F4
1782,450,real,F20
1782,990,real,F20
1782,200,real,F20
1782,230,real,F20
1782,190,real,F20
1783,940,real,F20
1783,520,real,F20
1783,730,real,F20
1784,840,real,F20
1784,870,real,F20
1785,200,real,F20
1785,290,real,F20
1785,830,real,F20
1785,920,real,F20
1786,500,real,F20
1786,970,real,F20
1786,940,real,F20
1787,170,real,F20
1787,1040,real,F20
1787,530,real,F20
1788,620,real,F20
1788,470,real,F20
1788,720,real,F20
1788,1070,real,F20
1788,230,real,F20
1789,890,real,F20
1789,1030,real,F20
1789,870,real,F20
1789,390,real,F20
1789,790,real,F20
1790,650,real,F12
1791,460,real,F20
1791,520,real,F20
1791,870,real,F20
1791,250,real,F20
1792,760,real,F20
1792,630,real,F20
1792,610,real,F20
1792,1080,real,F20
1792,150,real,F20
1793,470,real,F13
1794,110,real,F20
1794,860,real,F20
1795,770,real,F20
1795,230,real,F20
1795,110,real,F20
1795,1030,real,F20
1795,1080,real,F20
1796,780,real,F19
1797,450,real,F20
1797,630,real,F20
1797,680,real,F20
1797,650,real,F20
1797,440,real,F20
1798,820,real,F20
1798,730,real,F20
1798,120,real,F20
1798,660,real,F20
1799,680,real,F20
1799,990,real,F20
1800,190,real,F6
1800,320,real,F6
1801,190,real,F3
1802,730,real,F20
1803,1040,real,F20
1803,700,real,F20
1804,360,real,F20
1804,660,real,F20
1805,1020,real,F20
1806,570,real,F20
1806,1020,real,F20
1806,280,real,F20
1806,170,real,F20
1806,210,real,F20
1807,950,real,F20
1807,650,real,F20
1808,230,real,F20
1808,480,real,F20
1809,240,real,F20
1809,1070,real,F20
1809,970,real,F20
1810,340,real,F20
1810,530,real,F20
1810,180,real,F20
1810,170,real,F20
1810,190,real,F20
1811,1060,real,F20
1811,1010,real,F20
1811,810,real,F20
1811,790,real,F20
1812,870,real,F20
1812,1000,real,F20
1812,110,real,F20
1812,560,real,F20
1813,830,real,F20
1813,280,real,F20
1814,580,real,F10
1815,560,real,F16
1816,490,real,F19
1816,880,real,F19
1816,870,real,F19
1816,650,real,F19
1817,600,real,F20
1818,590,real,F10
1819,690,real,F19
1819,950,real,F19
1819,510,real,F19
1819,580,real,F19
1819,220,real,F19
1820,580,real,F20
1820,230,real,F20
1821,820,real,F20
1821,1010,real,F20
1821,390,real,F20
1821,880,real,F20
1821,530,real,F20
1822,250,real,F14
1822,650,real,F14
1822,350,real,F14
1823,270,real,F11
1823,290,real,F11
1823,560,real,F11
1823,300,real,F11
1824,510,real,F20
1824,820,real,F20
1825,510,real,F11
1826,930,real,F19
1826,180,real,F19
1827,440,real,F20
1827,870,real,F20
1827,280,real,F20
1827,640,real,F20
1827,970,real,F20
1828,230,real,F7
1829,650,real,F20
1829,250,real,F20
1829,930,real,F20
1829,560,real,F20
1829,410,real,F20
1830,200,real,F20
1830,650,real,F20
1830,570,real,F20
1831,140,real,F5
1832,610,real,F20
1832,710,real,F20
1832,750,real,F20
1833,280,real,F8
1833,230,real,F8
1834,700,real,F15
1834,290,real,F15
1834,690,real,F15
1835,900,real,F20
1835,150,real,F20
1835,590,real,F20
1836,870,real,F20
1836,760,real,F20
1837,1060,real,F20
1837,1020,real,F20
1837,480,real,F20
1837,120,real,F20
1837,990,real,F20
1838,760,real,F17
1838,920,real,F17
1839,260,real,F20
1839,710,real,F20
1840,320,real,F12
1841,290,real,F15
1841,830,real,F15
1841,320,real,F15
1841,620,real,F15
1842,800,real,F20
1842,110,real,F20
1842,310,real,F20
1842,170,real,F20
1842,900,real,F20
1843,710,real,F20
1843,650,real,F20
1844,690,real,F15
1845,840,real,F20
1845,620,real,F20
1846,780,real,F20
1847,490,real,F13
1847,360,real,F13
1847,300,real,F13
1847,650,real,F13
1848,790,real,F20
1848,350,real,F20
1848,630,real,F20
1848,320,real,F20
1848,960,real,F20
1849,480,real,F20
1849,1030,real,F20
1849,410,real,F20
1850,300,real,F9
1850,490,real,F9
1850,410,real,F9
1850,330,real,F9
1850,260,real,F9
1851,940,real,F20
1852,350,real,F19
1852,670,real,F19
1852,370,real,F19
1852,750,real,F19
1852,160,real,F19
1853,440,real,F20
1853,880,real,F20
1853,1070,real,F20
1854,350,real,F20
1854,720,real,F20
1854,940,real,F20
1854,730,real,F20
1854,680,real,F20
1855,220,real,F20
1855,670,real,F20
1856,170,real,F3
1857,400,real,F7
1858,630,real,F20
1858,280,real,F20
1859,1070,real,F20
1859,340,real,F20
1859,680,real,F20
1859,910,real,F20
1860,830,real,F20
1860,690,real,F20
1860,200,real,F20
1860,530,real,F20
1861,760,real,F20
1861,600,real,F20
1861,430,real,F20
1861,990,real,F20
1862,910,real,F16
1862,100,real,F16
1862,560,real,F16
1863,150,real,F8
1864,480,real,F8
1864,280,real,F8
1864,410,real,F8
1865,790,real,F16
1865,270,real,F16
1865,890,real,F16
1865,100,real,F16
1866,500,real,F9
1867,510,real,F20
1867,930,real,F20
1867,880,real,F20
1868,240,real,F20
1868,710,real,F20
1869,910,real,F20
1869,400,real,F20
1870,530,real,F20
1870,350,real,F20
1870,810,real,F20
1870,890,real,F20
1871,610,real,F20
1871,840,real,F20
1871,970,real,F20
1872,420,real,F13
1873,1010,real,F17
1874,630,real,F20
1874,610,real,F20
1874,990,real,F20
1875,260,real,F20
1875,1020,real,F20
1875,1090,real,F20
1875,1060,real,F20
1875,1050,real,F20
1876,890,real,F20
1877,230,real,F17
1877,870,real,F17
1877,150,real,F17
1877,1000,real,F17
1877,350,real,F17
1878,530,real,F12
1878,480,real,F12
1879,500,real,F16
1879,430,real,F16
1880,390,real,F20
1880,1020,real,F20
1881,610,real,F20
1881,320,real,F20
1882,780,real,F20
1883,160,real,F11
1883,350,real,F11
1884,750,real,F20
1884,260,real,F20
1885,720,real,F20
1885,1010,real,F20
1885,960,real,F20
1885,710,real,F20
1886,480,real,F18
1886,1010,real,F18
1886,600,real,F18
1887,810,real,F18
1887,290,real,F18
1887,940,real,F18
1887,170,real,F18
1887,790,real,F18
1888,180,real,F20
1888,210,real,F20
1888,400,real,F20
1888,680,real,F20
1889,480,real,F20
1889,680,real,F20
1889,780,real,F20
1889,1070,real,F20
1890,110,real,F5
1891,730,real,F20
1891,1000,real,F20
1891,210,real,F20
1892,520,real,F11
1892,290,real,F11
1892,190,real,F11
1892,480,real,F11
1892,600,real,F11
1893,490,real,F20
1893,120,real,F20
1893,710,real,F20
1894,830,real,F20
1894,180,real,F20
1895,830,real,F20
1895,160,real,F20
1895,920,real,F20
1895,680,real,F20
1895,620,real,F20
1896,520,real,F10
1897,170,real,F11
1898,520,real,F19
1898,910,real,F19
1898,150,real,F19
1898,840,real,F19
1899,740,real,F20
1899,1050,real,F20
1899,230,real,F20
1899,560,real,F20
1899,950,real,F20
1900,160,real,F20
1900,510,real,F20
1900,670,real,F20
1900,350,real,F20
1901,240,real,F20
1901,870,real,F20
1901,100,real,F20
1901,230,real,F20
1902,410,real,F20
1903,500,real,F10
1904,640,real,F20
1904,1050,real,F20
1905,100,real,F4
1906,1040,real,F20
1906,110,real,F20
1906,320,real,F20
1907,300,real,F7
1908,570,real,F20
1908,1080,real,F20
1909,130,real,F3
1910,580,real,F20
1910,730,real,F20
1911,800,real,F17
1912,560,real,F20
1912,470,real,F20
1912,1070,real,F20
1912,510,real,F20
1913,440,real,F20
1913,1080,real,F20
1913,490,real,F20
1913,590,real,F20
1914,330,real,F6
1915,290,real,F7
1915,430,real,F7
1916,650,real,F20
1917,980,real,F20
1917,460,real,F20
1917,580,real,F20
1917,1060,real,F20
1917,700,real,F20
1918,770,real,F15
1919,650,real,F20
1919,860,real,F20
1920,660,real,F20
1920,460,real,F20
1920,830,real,F20
1920,200,real,F20
1920,1080,real,F20
1921,780,real,F19
1921,420,real,F19
1921,740,real,F19
1922,140,real,F20
1922,680,real,F20
1922,860,real,F20
1923,1090,real,F20
1923,620,real,F20
1923,870,real,F20
1924,1090,real,F20
1924,800,real,F20
1924,870,real,F20
1924,660,real,F20
1924,810,real,F20
1925,390,real,F20
1925,130,real,F20
1925,1000,real,F20
1925,540,real,F20
1925,290,real,F20
1926,330,real,F20
1926,690,real,F20
1926,1060,real,F20
1927,530,real,F14
1928,480,real,F20
1929,780,real,F20
1929,470,real,F20
1930,400,real,F12
1931,540,real,F20
1931,440,real,F20
1932,240,real,F10
1932,600,real,F10
1933,740,real,F16
1933,340,real,F16
1933,210,real,F16
1933,890,real,F16
1933,260,real,F16
1934,910,real,F20
1934,1070,real,F20
1934,610,real,F20
1934,760,real,F20
1934,520,real,F20
1935,860,real,F20
1935,110,real,F20
1935,960,real,F20
1935,340,real,F20
1935,250,real,F20
1936,100,real,F3
1937,790,real,F19
1937,710,real,F19
1937,610,real,F19
1937,1010,real,F19
1937,1050,real,F19
1938,550,real,F20
1938,570,real,F20
1938,690,real,F20
1938,820,real,F20
1938,610,real,F20
1939,320,real,F15
1939,290,real,F15
1940,640,real,F20
1940,230,real,F20
1940,740,real,F20
1941,860,real,F20
1941,270,real,F20
1941,710,real,F20
1941,1090,real,F20
1941,210,real,F20
1942,130,real,F10
1942,460,real,F10
1942,600,real,F10
1942,540,real,F10
1942,280,real,F10
1943,920,real,F20
1943,1080,real,F20
1943,370,real,F20
1943,430,real,F20
1944,870,real,F20
1944,900,real,F20
1945,1000,real,F17
1945,270,real,F17
1945,490,real,F17
1945,170,real,F17
1946,940,real,F20
1946,860,real,F20
1946,1000,real,F20
1947,210,real,F16
1947,810,real,F16
1947,440,real,F16
1947,870,real,F16
1947,830,real,F16
1948,300,real,F20
1948,1080,real,F20
1948,730,real,F20
1948,330,real,F20
1948,500,real,F20
1949,990,real,F20
1950,1010,real,F20
1950,390,real,F20
1951,330,real,F13
1951,700,real,F13
1951,770,real,F13
1951,310,real,F13
1951,510,real,F13
1952,210,real,F20
1952,830,real,F20
1952,430,real,F20
1952,630,real,F20
1953,560,real,F20
1953,940,real,F20
1953,850,real,F20
1953,190,real,F20
1954,410,real,F7
1954,330,real,F7
1955,670,real,F13
1956,250,real,F20
1956,800,real,F20
1956,450,real,F20
1956,390,real,F20
1957,780,real,F20
1957,610,real,F20
1958,810,real,F20
1958,150,real,F20
1958,790,real,F20
1958,380,real,F20
1959,900,real,F17
1959,410,real,F17
1960,940,real,F20
1960,330,real,F20
1961,1050,real,F20
1961,650,real,F20
1962,670,real,F16
1962,720,real,F16
1962,590,real,F16
1962,350,real,F16
1962,260,real,F16
1963,550,real,F20
1963,320,real,F20
1963,1000,real,F20
1964,340,real,F12
1964,310,real,F12
1965,350,real,F6
1966,670,real,F18
1967,200,real,F20
1967,420,real,F20
1967,170,real,F20
1968,530,real,F20
1968,760,real,F20
1968,860,real,F20
1968,100,real,F20
1968,640,real,F20
1969,830,real,F20
1969,420,real,F20
1969,960,real,F20
1970,540,real,F10
1971,590,real,F20
1971,930,real,F20
1972,160,real,F3
1973,930,real,F20
1973,110,real,F20
1974,210,real,F20
1974,390,real,F20
1974,1030,real,F20
1975,120,real,F13
1975,540,real,F13
1976,1080,real,F20
1976,100,real,F20
1976,420,real,F20
1977,420,real,F17
1977,740,real,F17
1977,980,real,F17
1977,1000,real,F17
1978,640,real,F14
1979,470,real,F20
1979,550,real,F20
1979,920,real,F20
1979,650,real,F20
1980,840,real,F20
1980,250,real,F20
1980,600,real,F20
1980,460,real,F20
1980,670,real,F20
1981,610,real,F20
1981,840,real,F20
1981,200,real,F20
1982,550,real,F20
1982,300,real,F20
1982,930,real,F20
1982,980,real,F20
1983,260,real,F20
1983,940,real,F20
1984,740,real,F20
1984,330,real,F20
1985,810,real,F20
1985,570,real,F20
1985,930,real,F20
1985,130,real,F20
1985,890,real,F20
1986,240,real,F20
1986,120,real,F20
1986,1050,real,F20
1986,210,real,F20
1987,640,real,F14
1988,230,real,F20
1988,1020,real,F20
1988,370,real,F20
1989,890,real,F20
1989,230,real,F20
1989,670,real,F20
1989,440,real,F20
1989,280,real,F20
1990,490,real,F17
1990,470,real,F17
1990,330,real,F17
1991,680,real,F15
1991,670,real,F15
1991,320,real,F15
1992,310,real,F8
1993,910,real,F20
1993,610,real,F20
1994,480,real,F8
1994,200,real,F8
1994,340,real,F8
1994,230,real,F8
1995,960,real,F20
1995,910,real,F20
1995,760,real,F20
1995,660,real,F20
1995,120,real,F20
1996,770,real,F20
1996,200,real,F20
1997,100,real,F20
1998,390,real,F12
1998,180,real,F12
1998,170,real,F12
1999,280,real,F20
1999,350,real,F20
1999,980,real,F20
2000,100,real,F6
2000,160,real,F6
2001,510,real,F20
2001,210,real,F20
2001,940,real,F20
2001,500,real,F20
2001,930,real,F20
2002,140,real,F6
2003,670,real,F2
2003,930,real,F2
2003,1010,real,F2
2004,340,real,F20
2004,620,real,F20
2004,420,real,F20
2004,940,real,F20
2005,170,real,F20
2005,1080,real,F20
2005,470,real,F20
2005,520,real,F20
2005,780,real,F20
2006,990,real,F20
2006,160,real,F20
2007,850,real,F20
2007,980,real,F20
2007,430,real,F20
2008,240,real,F18
2008,340,real,F18
2008,610,real,F18
2009,520,real,F16
2009,110,real,F16
2009,910,real,F16
2009,730,real,F16
2010,1010,real,F20
2010,790,real,F20
2011,900,real,F20
2011,940,real,F20
2011,420,real,F20
2011,720,real,F20
2011,130,real,F20
2012,1060,real,F18
2012,730,real,F18
2012,160,real,F18
2012,790,real,F18
2013,880,real,F17
2013,770,real,F17
2013,140,real,F17
2013,970,real,F17
2014,1070,real,F20
2014,860,real,F20
2015,580,real,F20
2015,200,real,F20
2015,760,real,F20
2015,840,real,F20
2016,780,real,F14
2017,190,real,F20
2017,700,real,F20
2018,890,real,F20
2018,290,real,F20
2018,600,real,F20
2019,180,real,F20
2019,650,real,F20
2020,660,real,F19
2020,920,real,F19
2020,350,real,F19
2021,1060,real,F20
2021,380,real,F20
2022,920,real,F20
2022,250,real,F20
2022,480,real,F20
2022,170,real,F20
2022,560,real,F20
2023,350,real,F20
2023,840,real,F20
2023,540,real,F20
2023,320,real,F20
2024,100,real,F4
2025,710,real,F20
2025,350,real,F20
2026,180,real,F4
2027,1080,real,F20
2027,780,real,F20
2027,880,real,F20
2027,240,real,F20
2027,430,real,F20
2028,100,real,F4
2028,150,real,F4
2029,500,real,F17
2029,940,real,F17
2029,510,real,F17
2029,690,real,F17
2030,1090,real,F18
2030,1010,real,F18
2030,490,real,F18
2030,170,real,F18
2030,730,real,F18
2031,970,real,F20
2031,450,real,F20
2031,160,real,F20
2031,430,real,F20
2032,410,real,F20
2032,450,real,F20
2032,430,real,F20
2032,790,real,F20
2032,350,real,F20
2033,1010,real,F20
2033,890,real,F20
2033,480,real,F20
2033,590,real,F20
2034,260,real,F20
2034,170,real,F20
2034,1090,real,F20
2034,250,real,F20
2035,810,real,F20
2035,620,real,F20
2035,300,real,F20
2035,1050,real,F20
2036,410,real,F20
2036,670,real,F20
2036,560,real,F20
2037,190,real,F20
2037,940,real,F20
2037,1060,real,F20
2038,930,real,F20
2039,310,real,F20
2039,430,real,F20
2039,750,real,F20
2039,590,real,F20
2039,350,real,F20
2040,1070,real,F19
2040,850,real,F19
2040,710,real,F19
2040,130,real,F19
2041,380,real,F20
2041,1050,real,F20
2041,820,real,F20
2041,320,real,F20
2042,980,real,F20
2042,1090,real,F20
2042,510,real,F20
2043,250,real,F20
2043,640,real,F20
2043,730,real,F20
2044,290,real,F13
2045,550,real,F20
2045,870,real,F20
2045,1020,real,F20
2046,100,real,F20
2046,980,real,F20
2046,780,real,F20
2046,640,real,F20
2046,130,real,F20
2047,420,real,F20
2047,640,real,F20
2047,530,real,F20
2047,610,real,F20
2048,350,real,F6
2049,300,real,F10
2050,970,real,F18
2050,830,real,F18
2050,300,real,F18
2050,800,real,F18
2051,630,real,F20
2051,760,real,F20
2051,920,real,F20
2051,780,real,F20
2051,830,real,F20
2052,130,real,F19
2052,220,real,F19
2052,410,real,F19
2052,1070,real,F19
2052,960,real,F19
2053,300,real,F6
2053,130,real,F6
2054,360,real,F14
2054,760,real,F14
2055,1060,real,F20
2055,830,real,F20
2055,280,real,F20
2056,110,real,F20
2056,190,real,F20
2056,1030,real,F20
2056,380,real,F20
2056,340,real,F20
2057,510,real,F20
2057,690,real,F20
2057,990,real,F20
2058,810,real,F19
2059,1070,real,F20
2060,790,real,F20
2060,140,real,F20
2060,1060,real,F20
2061,870,real,F20
2061,130,real,F20
2062,1030,real,F20
2062,1020,real,F20
2063,260,real,F18
2063,920,real,F18
2063,600,real,F18
2063,740,real,F18
2063,820,real,F18
2064,850,real,F20
2065,540,real,F13
2066,260,real,F4
2066,120,real,F4
2067,410,real,F20
2067,820,real,F20
2068,600,real,F20
2068,940,real,F20
2069,730,real,F20
2069,150,real,F20
2070,990,real,F20
2070,520,real,F20
2070,360,real,F20
2070,250,real,F20
2071,470,real,F20
2071,1090,real,F20
2071,460,real,F20
2071,240,real,F20
2072,460,real,F20
2072,170,real,F20
2072,930,real,F20
2073,940,real,F20
2073,220,real,F20
2073,610,real,F20
2073,1010,real,F20
2073,530,real,F20
2074,430,real,F20
2074,980,real,F20
2074,1040,real,F20
2074,190,real,F20
2074,870,real,F20
2075,730,real,F20
2075,960,real,F20
2075,410,real,F20
2075,710,real,F20
2076,760,real,F17
2076,540,real,F17
2076,380,real,F17
2076,640,real,F17
2076,560,real,F17
2077,710,real,F20
2078,910,real,F20
2078,240,real,F20
2078,330,real,F20
2079,180,real,F20
2079,850,real,F20
2079,530,real,F20
2079,890,real,F20
2080,320,real,F20
2080,490,real,F20
2080,720,real,F20
2080,140,real,F20
2081,580,real,F20
2081,650,real,F20
2081,570,real,F20
2081,250,real,F20
2082,940,real,F20
2082,790,real,F20
2083,1080,real,F20
2083,800,real,F20
2083,720,real,F20
2083,270,real,F20
2083,780,real,F20
2084,1080,real,F20
2084,100,real,F20
2084,1020,real,F20
2084,550,real,F20
2084,170,real,F20
2085,560,real,F20
2085,520,real,F20
2085,150,real,F20
2086,470,real,F20
2086,960,real,F20
2086,220,real,F20
2086,950,real,F20
2086,900,real,F20
2087,480,real,F20
2087,1010,real,F20
2088,680,real,F20
2088,770,real,F20
2089,390,real,F2
2089,180,real,F2
2089,280,real,F2
2090,250,real,F20
2090,530,real,F20
2091,110,real,F20
2091,630,real,F20
2091,910,real,F20
2091,640,real,F20
2092,640,real,F16
2092,540,real,F16
2092,550,real,F16
2093,660,real,F20
2093,850,real,F20
2093,300,real,F20
2093,170,real,F20
2093,420,real,F20
2094,670,real,F17
2094,910,real,F17
2095,340,real,F20
2095,920,real,F20
2096,410,real,F20
2097,420,real,F17
2097,810,real,F17
2097,890,real,F17
2098,190,real,F20
2098,370,real,F20
2098,860,real,F20
2098,290,real,F20
2098,960,real,F20
2099,870,real,F19
2099,210,real,F19
2099,990,real,F19
2100,380,real,F8
2101,1020,real,F20
2101,410,real,F20
2101,510,real,F20
2102,160,real,F20
2102,150,real,F20
2102,1030,real,F20
2102,1040,real,F20
2103,140,real,F20
2103,960,real,F20
2103,1060,real,F20
2103,930,real,F20
2104,1090,real,F20
2104,1000,real,F20
2104,600,real,F20
2105,740,real,F20
2105,650,real,F20
2105,280,real,F20
2105,640,real,F20
2105,260,real,F20
2106,920,real,F19
2106,660,real,F19
2106,1070,real,F19
2107,340,real,F11
2108,1090,real,F20
2109,130,real,F20
2109,410,real,F20
2109,920,real,F20
2109,890,real,F20
2109,520,real,F20
2110,940,real,F20
2110,330,real,F20
2110,1050,real,F20
2111,520,real,F20
2111,720,real,F20
2111,500,real,F20
2111,1000,real,F20
2111,920,real,F20
2112,1080,real,F20
2112,510,real,F20
2112,720,real,F20
2112,770,real,F20
2112,880,real,F20
2113,480,real,F8
2113,400,real,F8
2114,140,real,F10
2115,730,real,F20
2115,330,real,F20
2116,610,real,F20
2116,940,real,F20
2117,390,real,F20
2118,390,real,F9
2119,890,real,F20
2119,180,real,F20
2119,330,real,F20
2120,780,real,F15
2121,320,real,F20
2121,730,real,F20
2121,520,real,F20
2122,270,real,F20
2122,1040,real,F20
2122,920,real,F20
2122,390,real,F20
2122,110,real,F20
2123,800,real,F20
2124,820,real,F20
2124,540,real,F20
2124,460,real,F20
2124,440,real,F20
2125,480,real,F9
2126,160,real,F8
2127,430,real,F20
2127,450,real,F20
2127,890,real,F20
2128,140,real,F20
2128,910,real,F20
2128,300,real,F20
2128,980,real,F20
2128,1070,real,F20
2129,390,real,F20
2129,840,real,F20
2129,580,real,F20
2129,730,real,F20
2129,860,real,F20
2130,930,real,F20
2130,790,real,F20
2131,480,real,F20
2131,840,real,F20
2131,970,real,F20
2131,210,real,F20
2131,1020,real,F20
2132,610,real,F20
2132,1040,real,F20
2132,860,real,F20
2133,520,real,F20
2133,690,real,F20
2133,1050,real,F20
2134,350,real,F20
2134,1030,real,F20
2134,1050,real,F20
2134,330,real,F20
2134,710,real,F20
2135,110,real,F20
2135,890,real,F20
2136,1090,real,F20
2136,460,real,F20
2136,170,real,F20
2136,1080,real,F20
2137,610,real,F20
2137,890,real,F20
2137,1060,real,F20
2138,440,real,F20
2138,710,real,F20
2139,200,real,F4
2140,1030,real,F20
2140,810,real,F20
2140,290,real,F20
2140,770,real,F20
2141,730,real,F20
2141,810,real,F20
2141,140,real,F20
2141,990,real,F20
2141,470,real,F20
2142,860,real,F20
2142,940,real,F20
2142,540,real,F20
2143,220,real,F20
2143,320,real,F20
2143,900,real,F20
2143,190,real,F20
2143,940,real,F20
2144,200,real,F4
2145,110,real,F4
2146,130,real,F20
2146,870,real,F20
2146,410,real,F20
2146,1070,real,F20
2146,650,real,F20
2147,740,real,F14
2148,1070,real,F20
2149,690,real,F15
2149,600,real,F15
2150,410,real,F9
2150,370,real,F9
2150,160,real,F9
2150,350,real,F9
2151,940,real,F20
2151,350,real,F20
2151,190,real,F20
2151,470,real,F20
2152,640,real,F20
2152,240,real,F20
2152,160,real,F20
2152,410,real,F20
2152,840,real,F20
2153,890,real,F20
2154,800,real,F16
2154,850,real,F16
2154,140,real,F16
2154,170,real,F16
2155,360,real,F20
2155,1060,real,F20
2155,280,real,F20
2155,770,real,F20
2155,670,real,F20
2156,310,real,F14
2156,730,real,F14
2156,470,real,F14
2156,670,real,F14
2157,1010,real,F20
2157,220,real,F20
2157,890,real,F20
2158,250,real,F6
2159,530,real,F20
2159,510,real,F20
2159,420,real,F20
2160,890,real,F20
2161,490,real,F20
2161,110,real,F20
2162,930,real,F20
2163,660,real,F16
2163,700,real,F16
2163,560,real,F16
2164,550,real,F12
2165,280,real,F20
2165,830,real,F20
2166,990,real,F20
2166,610,real,F20
2166,880,real,F20
2166,580,real,F20
2166,820,real,F20
2167,140,real,F20
2167,980,real,F20
2168,920,real,F2
2168,600,real,F2
2168,420,real,F2
2168,770,real,F2
2169,910,real,F20
2169,1000,real,F20
2169,850,real,F20
2170,140,real,F20
2170,900,real,F20
2170,360,real,F20
2170,260,real,F20
2170,490,real,F20
2171,860,real,F20
2171,970,real,F20
2172,730,real,F20
2172,300,real,F20
2172,210,real,F20
2172,900,real,F20
2173,720,real,F20
2173,520,real,F20
2173,950,real,F20
2173,700,real,F20
2173,970,real,F20
2174,860,real,F20
2174,580,real,F20
2175,270,real,F4
2176,360,real,F7
2177,460,real,F20
2177,620,real,F20
2178,700,real,F20
2178,940,real,F20
2178,420,real,F20
2178,800,real,F20
2178,590,real,F20
2179,1000,real,F20
2179,560,real,F20
2179,130,real,F20
2179,700,real,F20
2180,220,real,F20
2180,460,real,F20
2180,620,real,F20
2181,280,real,F20
2181,240,real,F20
2181,720,real,F20
2182,430,real,F20
2182,380,real,F20
2182,780,real,F20
2182,870,real,F20
2182,130,real,F20
2183,120,real,F20
2183,980,real,F20
2184,820,real,F14
2184,660,real,F14
2184,300,real,F14
2185,230,real,F20
2185,1040,real,F20
2186,1090,real,F20
2186,100,real,F20
2187,1080,real,F20
2187,210,real,F20
2187,350,real,F20
2187,910,real,F20
2188,110,real,F14
2188,640,real,F14
2189,740,real,F15
2190,880,real,F20
2190,200,real,F20
2190,800,real,F20
2191,200,real,F20
2191,690,real,F20
2191,850,real,F20
2191,1090,real,F20
2191,900,real,F20
2192,890,real,F20
2192,200,real,F20
2193,310,real,F17
2193,890,real,F17
2193,170,real,F17
2193,970,real,F17
2193,910,real,F17
2194,1040,real,F18
2194,760,real,F18
2194,710,real,F18
2195,600,real,F20
2195,510,real,F20
2195,740,real,F20
2195,330,real,F20
2195,530,real,F20
2196,690,real,F20
2197,650,real,F20
2198,190,real,F9
2198,400,real,F9
2198,410,real,F9
2198,270,real,F9
2198,310,real,F9
2199,200,real,F18
2199,930,real,F18
2200,420,real,F11
2200,200,real,F11
2200,430,real,F11
2200,300,real,F11
2200,460,real,F11
2201,650,real,F20
2201,450,real,F20
2201,870,real,F20
2202,440,real,F20
2202,570,real,F20
2202,450,real,F20
2202,690,real,F20
2202,630,real,F20
2203,240,real,F20
2203,1010,real,F20
2203,920,real,F20
2203,550,real,F20
2204,690,real,F20
2204,890,real,F20
2204,230,real,F20
2204,160,real,F20
2204,380,real,F20
2205,970,real,F20
2205,830,real,F20
2205,550,real,F20
2205,120,real,F20
2206,890,real,F19
2206,870,real,F19
2206,910,real,F19
2206,960,real,F19
2206,450,real,F19
2207,940,real,F20
2208,260,real,F20
2208,890,real,F20
2208,830,real,F20
2208,1060,real,F20
2208,960,real,F20
2209,600,real,F17
2209,860,real,F17
2210,270,real,F16
2210,190,real,F16
2210,570,real,F16
2210,610,real,F16
2211,310,real,F10
2212,400,real,F13
2212,620,real,F13
2212,550,real,F13
2212,180,real,F13
2212,710,real,F13
2213,190,real,F5
2214,520,real,F11
2214,140,real,F11
2215,1050,real,F20
2215,900,real,F20
2215,780,real,F20
2215,670,real,F20
2216,350,real,F20
2216,970,real,F20
2217,910,real,F20
2217,300,real,F20
2217,440,real,F20
2217,750,real,F20
2217,1080,real,F20
2218,420,real,F19
2218,770,real,F19
2218,1000,real,F19
2219,570,simulated,F16
2220,390,simulated,F8
2221,560,simulated,F18
2222,790,simulated,F20
2222,670,simulated,F20
2222,660,simulated,F20
2222,240,simulated,F20
2223,350,simulated,F7
2224,340,simulated,F20
2224,220,simulated,F20
2225,590,simulated,F19
2225,1020,simulated,F19
2225,880,simulated,F19
2225,710,simulated,F19
2226,530,simulated,F20
2226,940,simulated,F20
2226,280,simulated,F20
2227,320,simulated,F20
2227,980,simulated,F20
2227,810,simulated,F20
2227,270,simulated,F20
2228,1070,simulated,F20
2228,910,simulated,F20
2228,580,simulated,F20
2228,620,simulated,F20
2228,280,simulated,F20
2229,220,simulated,F20
2229,840,simulated,F20
2229,990,simulated,F20
2229,930,simulated,F20
2230,300,simulated,F20
2230,410,simulated,F20
2230,110,simulated,F20
2230,1030,simulated,F20
2230,990,simulated,F20
2231,880,simulated,F17
2231,650,simulated,F17
2231,460,simulated,F17
2231,590,simulated,F17
2231,140,simulated,F17
2232,870,simulated,F20
2232,290,simulated,F20
2232,850,simulated,F20
2233,840,simulated,F20
2233,820,simulated,F20
2233,1080,simulated,F20
2233,460,simulated,F20
2233,140,simulated,F20
2234,110,simulated,F5
2235,370,simulated,F8
2236,150,simulated,F20
2236,390,simulated,F20
2236,250,simulated,F20
2236,640,simulated,F20
2236,500,simulated,F20
2237,370,simulated,F20
2237,860,simulated,F20
2238,510,simulated,F20
2238,460,simulated,F20
2239,390,simulated,F7
2239,200,simulated,F7
2239,130,simulated,F7
2240,750,simulated,F20
2240,760,simulated,F20
2240,220,simulated,F20
2240,400,simulated,F20
2241,110,simulated,F20
2241,180,simulated,F20
2241,810,simulated,F20
2241,160,simulated,F20
2242,180,simulated,F20
2242,520,simulated,F20
2243,870,simulated,F20
2244,180,simulated,F20
2244,970,simulated,F20
2244,500,simulated,F20
2245,680,simulated,F20
2245,710,simulated,F20
2245,1060,simulated,F20
2245,230,simulated,F20
2246,240,simulated,F7
2247,250,simulated,F20
2247,380,simulated,F20
2248,990,simulated,F20
2248,680,simulated,F20
2249,910,simulated,F20
2249,890,simulated,F20
2249,490,simulated,F20
2249,570,simulated,F20
2249,370,simulated,F20
2250,970,simulated,F20
2250,980,simulated,F20
2250,610,simulated,F20
2251,970,simulated,F20
2251,530,simulated,F20
2252,960,simulated,F20
2252,1000,simulated,F20
2252,500,simulated,F20
2252,760,simulated,F20
2253,570,simulated,F20
2253,970,simulated,F20
2253,180,simulated,F20
2254,740,simulated,F14
2254,670,simulated,F14
2254,550,simulated,F14
2255,270,simulated,F20
2255,1030,simulated,F20
2256,680,simulated,F20
2256,570,simulated,F20
2256,330,simulated,F20
2257,620,simulated,F20
2257,260,simulated,F20
2257,800,simulated,F20
2257,1090,simulated,F20
2257,1020,simulated,F20
2258,330,simulated,F18
2258,1080,simulated,F18
2259,100,simulated,F19
2259,940,simulated,F19
2259,550,simulated,F19
2259,990,simulated,F19
2260,450,simulated,F20
2260,420,simulated,F20
2260,300,simulated,F20
2260,570,simulated,F20
2261,260,simulated,F20
2261,750,simulated,F20
2261,200,simulated,F20
2262,390,simulated,F15
2262,810,simulated,F15
2263,270,simulated,F20
2264,130,simulated,F20
2264,190,simulated,F20
2264,160,simulated,F20
2264,560,simulated,F20
2264,140,simulated,F20
2265,420,simulated,F9
2266,1020,simulated,F1
2266,100,simulated,F1
2266,330,simulated,F1
2267,340,simulated,F14
2267,720,simulated,F14
2267,430,simulated,F14
2267,740,simulated,F14
2268,520,simulated,F20
2269,560,simulated,F20
2269,710,simulated,F20
2269,780,simulated,F20
2270,580,simulated,F18
2270,670,simulated,F18
2270,370,simulated,F18
2270,690,simulated,F18
2271,210,simulated,F20
2271,1020,simulated,F20
2271,570,simulated,F20
2272,900,simulated,F20
2272,910,simulated,F20
2272,360,simulated,F20
2272,810,simulated,F20
2273,610,simulated,F11
2274,790,simulated,F20
2274,580,simulated,F20
2275,670,simulated,F20
2275,550,simulated,F20
2275,780,simulated,F20
2275,720,simulated,F20
2275,840,simulated,F20
2276,930,simulated,F20
2277,410,simulated,F20
2277,550,simulated,F20
2277,1090,simulated,F20
2277,250,simulated,F20
2278,980,simulated,F20
2279,790,simulated,F20
2280,580,simulated,F18
2281,680,simulated,F20
2281,340,simulated,F20
2281,900,simulated,F20
2281,350,simulated,F20
2281,780,simulated,F20
2282,370,simulated,F12
2283,630,simulated,F20
2284,120,simulated,F12
2284,550,simulated,F12
2285,1040,simulated,F20
2286,540,simulated,F16
2286,910,simulated,F16
2286,370,simulated,F16
2287,720,simulated,F20
2288,1060,simulated,F20
2288,240,simulated,F20
2289,310,simulated,F20
2289,120,simulated,F20
2289,570,simulated,F20
2289,240,simulated,F20
2289,130,simulated,F20
2290,370,simulated,F19
2290,840,simulated,F19
2290,640,simulated,F19
2290,460,simulated,F19
2291,170,simulated,F13
2292,320,simulated,F8
2293,1010,simulated,F20
2293,220,simulated,F20
2293,460,simulated,F20
2293,660,simulated,F20
2294,790,simulated,F19
2295,540,simulated,F14
2295,110,simulated,F14
2296,1080,simulated,F20
2297,1030,simulated,F19
2297,360,simulated,F19
2297,1050,simulated,F19
2298,470,simulated,F20
2298,1030,simulated,F20
2298,920,simulated,F20
2298,710,simulated,F20
2299,330,simulated,F20
2299,930,simulated,F20
2299,800,simulated,F20
2300,650,simulated,F20
2300,970,simulated,F20
2300,770,simulated,F20
2300,980,simulated,F20
2301,550,simulated,F20
2301,510,simulated,F20
2301,1050,simulated,F20
2302,1050,simulated,F20
2303,610,simulated,F17
2303,870,simulated,F17
2304,200,simulated,F15
2304,370,simulated,F15
2304,100,simulated,F15
2304,210,simulated,F15
2304,640,simulated,F15
2305,810,simulated,F20
2305,1000,simulated,F20
2305,680,simulated,F20
2305,390,simulated,F20
2305,530,simulated,F20
2306,100,simulated,F20
2306,510,simulated,F20
2306,1050,simulated,F20
2306,300,simulated,F20
2307,810,simulated,F20
2307,980,simulated,F20
2308,290,simulated,F20
2308,1090,simulated,F20
2308,660,simulated,F20
2308,270,simulated,F20
2309,800,simulated,F20
2310,560,simulated,F17
2310,350,simulated,F17
2310,680,simulated,F17
2311,640,simulated,F19
2311,1030,simulated,F19
2311,850,simulated,F19
2311,830,simulated,F19
2312,940,simulated,F20
2312,990,simulated,F20
2312,750,simulated,F20
2313,800,simulated,F20
2313,1090,simulated,F20
2313,1000,simulated,F20
2314,750,simulated,F20
2314,440,simulated,F20
2314,380,simulated,F20
2314,740,simulated,F20
2314,1060,simulated,F20
2315,270,simulated,F20
2315,920,simulated,F20
2315,420,simulated,F20
2315,990,simulated,F20
2316,770,simulated,F20
2316,540,simulated,F20
2316,860,simulated,F20
2317,160,simulated,F17
2317,270,simulated,F17
2317,660,simulated,F17
2317,990,simulated,F17
2317,740,simulated,F17
2318,460,simulated,F20
2318,1060,simulated,F20
2318,420,simulated,F20
2319,830,simulated,F20
2319,610,simulated,F20
2319,390,simulated,F20
2319,740,simulated,F20
2320,580,simulated,F12
2321,160,simulated,F20
2321,510,simulated,F20
2321,1030,simulated,F20
2321,1070,simulated,F20
2321,680,simulated,F20
2322,130,simulated,F8
2322,150,simulated,F8
2322,320,simulated,F8
2322,270,simulated,F8
2323,310,simulated,F20
2323,930,simulated,F20
2323,670,simulated,F20
2324,270,simulated,F18
2324,340,simulated,F18
2324,720,simulated,F18
2324,360,simulated,F18
2325,250,simulated,F15
2325,610,simulated,F15
2325,460,simulated,F15
2325,160,simulated,F15
2325,760,simulated,F15
2326,260,simulated,F8
2326,460,simulated,F8
2327,1090,simulated,F20
2327,580,simulated,F20
2327,150,simulated,F20
2328,340,simulated,F20
2328,360,simulated,F20
2329,850,simulated,F18
2329,160,simulated,F18
2329,1050,simulated,F18
2330,670,simulated,F20
2330,430,simulated,F20
2331,900,simulated,F16
2332,610,simulated,F20
2332,430,simulated,F20
2332,230,simulated,F20
2332,1000,simulated,F20
2333,540,simulated,F11
2334,780,simulated,F20
2334,360,simulated,F20
2334,980,simulated,F20
2335,520,simulated,F15
2335,650,simulated,F15
2335,570,simulated,F15
2335,350,simulated,F15
2335,370,simulated,F15
2336,1000,simulated,F20
2336,790,simulated,F20
2336,890,simulated,F20
2336,110,simulated,F20
2336,780,simulated,F20
2337,720,simulated,F15
2338,300,simulated,F7
2339,500,simulated,F9
2339,180,simulated,F9
2339,270,simulated,F9
2340,940,simulated,F20
2341,850,simulated,F20
2341,1090,simulated,F20
2342,770,simulated,F20
2342,160,simulated,F20
2343,850,simulated,F20
2343,970,simulated,F20
2343,390,simulated,F20
2344,360,simulated,F6
2345,800,simulated,F20
2345,720,simulated,F20
2346,610,simulated,F20
2346,910,simulated,F20
2346,400,simulated,F20
2347,630,simulated,F20
2347,840,simulated,F20
2348,690,simulated,F20
2348,960,simulated,F20
2348,800,simulated,F20
2348,500,simulated,F20
2348,310,simulated,F20
2349,570,simulated,F14
2349,300,simulated,F14
2349,280,simulated,F14
2349,480,simulated,F14
2349,250,simulated,F14
2350,710,simulated,F19
2350,650,simulated,F19
2350,140,simulated,F19
2350,860,simulated,F19
2351,220,simulated,F17
2351,980,simulated,F17
2351,790,simulated,F17
2351,860,simulated,F17
2352,1020,simulated,F20
2352,710,simulated,F20
2352,1070,simulated,F20
2352,950,simulated,F20
2352,880,simulated,F20
2353,360,simulated,F14
2353,460,simulated,F14
2353,410,simulated,F14
2354,1000,simulated,F20
2354,800,simulated,F20
2354,1020,simulated,F20
2354,290,simulated,F20
2355,780,simulated,F20
2355,790,simulated,F20
2356,270,simulated,F20
2356,370,simulated,F20
2356,890,simulated,F20
2356,530,simulated,F20
2357,270,simulated,F12
2357,310,simulated,F12
2357,500,simulated,F12
2357,150,simulated,F12
2358,130,simulated,F20
2358,1050,simulated,F20
2359,800,simulated,F16
2359,220,simulated,F16
2360,1010,simulated,F20
2360,1070,simulated,F20
2360,940,simulated,F20
2361,980,simulated,F20
2361,120,simulated,F20
2361,100,simulated,F20
2361,1020,simulated,F20
2362,570,simulated,F20
2362,470,simulated,F20
2363,130,simulated,F3
2364,150,simulated,F12
2364,390,simulated,F12
2364,470,simulated,F12
2365,460,simulated,F20
2365,540,simulated,F20
2365,780,simulated,F20
2365,390,simulated,F20
2366,540,simulated,F20
2366,520,simulated,F20
2366,500,simulated,F20
2366,680,simulated,F20
2367,420,simulated,F20
2367,930,simulated,F20
2367,630,simulated,F20
2368,610,simulated,F12
2368,370,simulated,F12
2369,200,simulated,F20
2369,650,simulated,F20
2369,730,simulated,F20
2370,1070,simulated,F20
2370,360,simulated,F20
2371,670,simulated,F16
2372,100,simulated,F3
2372,110,simulated,F3
2373,690,simulated,F17
2373,630,simulated,F17
2373,220,simulated,F17
2373,110,simulated,F17
2373,390,simulated,F17
2374,280,simulated,F13
2374,660,simulated,F13
2374,210,simulated,F13
2375,170,simulated,F20
2375,420,simulated,F20
2375,1040,simulated,F20
2376,1020,simulated,F20
2376,360,simulated,F20
2376,1070,simulated,F20
2377,410,simulated,F20
2377,220,simulated,F20
2378,200,simulated,F20
2378,960,simulated,F20
2378,510,simulated,F20
2378,980,simulated,F20
2379,360,simulated,F13
2379,630,simulated,F13
2380,970,simulated,F20
2380,290,simulated,F20
2380,550,simulated,F20
2380,1000,simulated,F20
2381,530,simulated,F16
2381,780,simulated,F16
2381,740,simulated,F16
2382,500,simulated,F20
2382,980,simulated,F20
2383,200,simulated,F20
2383,650,simulated,F20
2383,890,simulated,F20
2384,850,simulated,F20
2384,960,simulated,F20
2384,610,simulated,F20
2384,800,simulated,F20
2385,170,simulated,F20
2385,100,simulated,F20
2385,950,simulated,F20
2385,860,simulated,F20
2386,940,simulated,F20
2386,600,simulated,F20
2386,180,simulated,F20
2387,210,simulated,F20
2387,1020,simulated,F20
2388,870,simulated,F20
2389,600,simulated,F20
2389,200,simulated,F20
2389,110,simulated,F20
2389,950,simulated,F20
2390,640,simulated,F20
2390,880,simulated,F20
2390,180,simulated,F20
2391,720,simulated,F20
2392,320,simulated,F20
2392,850,simulated,F20
2393,610,simulated,F13
2393,660,simulated,F13
2393,400,simulated,F13
2393,450,simulated,F13
2394,660,simulated,F20
2394,1020,simulated,F20
2394,960,simulated,F20
2395,1030,simulated,F20
2395,390,simulated,F20
2396,480,simulated,F20
2396,560,simulated,F20
2396,420,simulated,F20
2396,120,simulated,F20
2396,1090,simulated,F20
2397,270,simulated,F20
2397,860,simulated,F20
2397,570,simulated,F20
2397,490,simulated,F20
2397,420,simulated,F20
2398,410,simulated,F18
2398,140,simulated,F18
2398,870,simulated,F18
2398,1080,simulated,F18
2398,350,simulated,F18
2399,450,simulated,F20
2399,990,simulated,F20
2400,770,simulated,F1
2400,280,simulated,F1
2400,350,simulated,F1
2400,760,simulated,F1
2400,100,simulated,F1
2401,650,simulated,F20
2401,1090,simulated,F20
2402,900,simulated,F17
2402,220,simulated,F17
2402,720,simulated,F17
2402,300,simulated,F17
2403,420,simulated,F20
2403,920,simulated,F20
2403,340,simulated,F20
2403,380,simulated,F20
2404,480,simulated,F20
2404,870,simulated,F20
2404,840,simulated,F20
2404,660,simulated,F20
2404,740,simulated,F20
2405,860,simulated,F19
2405,910,simulated,F19
2406,980,simulated,F20
2406,110,simulated,F20
2407,100,simulated,F20
2407,620,simulated,F20
2407,1070,simulated,F20
2407,880,simulated,F20
2407,950,simulated,F20
2408,420,simulated,F7
2409,250,simulated,F20
2409,1010,simulated,F20
2410,630,simulated,F20
2410,480,simulated,F20
2411,150,simulated,F2
2411,840,simulated,F2
2411,230,simulated,F2
2411,680,simulated,F2
2412,140,simulated,F20
2412,1040,simulated,F20
2412,560,simulated,F20
2412,110,simulated,F20
2413,280,simulated,F20
2413,560,simulated,F20
2413,590,simulated,F20
2413,1070,simulated,F20
2413,370,simulated,F20
2414,840,simulated,F20
2415,550,simulated,F20
2415,230,simulated,F20
2415,350,simulated,F20
2416,530,simulated,F14
2416,710,simulated,F14
2417,470,simulated,F20
2418,330,simulated,F6
2419,910,simulated,F19
2419,320,simulated,F19
2420,930,simulated,F20
2420,210,simulated,F20
2420,540,simulated,F20
2420,720,simulated,F20
2420,550,simulated,F20
2421,770,simulated,F20
2421,600,simulated,F20
2421,810,simulated,F20
2421,690,simulated,F20
2422,280,simulated,F5
2423,590,simulated,F20
2424,870,simulated,F20
2424,590,simulated,F20
2424,180,simulated,F20
2424,830,simulated,F20
2424,890,simulated,F20
2425,650,simulated,F20
2425,940,simulated,F20
2425,800,simulated,F20
2425,160,simulated,F20
2426,1050,simulated,F20
2426,930,simulated,F20
2426,710,simulated,F20
2426,540,simulated,F20
2426,810,simulated,F20
2427,920,simulated,F20
2427,930,simulated,F20
2427,1050,simulated,F20
2428,540,simulated,F20
2429,890,simulated,F18
2429,140,simulated,F18
2430,820,simulated,F15
2430,400,simulated,F15
2431,160,simulated,F20
2431,230,simulated,F20
2431,860,simulated,F20
2432,160,simulated,F8
2433,440,simulated,F20
2433,580,simulated,F20
2433,880,simulated,F20
2433,280,simulated,F20
2434,580,simulated,F20
2434,920,simulated,F20
2435,1040,simulated,F20
2435,190,simulated,F20
2435,750,simulated,F20
2436,750,simulated,F19
2436,410,simulated,F19
2436,700,simulated,F19
2436,1020,simulated,F19
2436,130,simulated,F19
2437,870,simulated,F16
2438,330,simulated,F18
2438,960,simulated,F18
2438,560,simulated,F18
2438,620,simulated,F18
2438,1070,simulated,F18
2439,790,simulated,F20
2439,190,simulated,F20
2440,360,simulated,F20
2440,130,simulated,F20
2440,610,simulated,F20
2440,120,simulated,F20
2440,750,simulated,F20
2441,560,simulated,F20
2441,280,simulated,F20
2441,980,simulated,F20
2441,270,simulated,F20
2441,710,simulated,F20
2442,110,simulated,F20
2443,240,simulated,F20
2443,790,simulated,F20
2443,880,simulated,F20
2444,730,simulated,F19
2444,650,simulated,F19
2444,970,simulated,F19
2444,600,simulated,F19
2445,560,simulated,F20
2445,310,simulated,F20
2445,1030,simulated,F20
2445,660,simulated,F20
2446,900,simulated,F20
2447,260,simulated,F4
2448,740,simulated,F20
2448,310,simulated,F20
2449,650,simulated,F16
2449,390,simulated,F16
2449,360,simulated,F16
2449,380,simulated,F16
2449,410,simulated,F16
2450,500,simulated,F20
2450,360,simulated,F20
2450,740,simulated,F20
2451,720,simulated,F13
2451,410,simulated,F13
2451,470,simulated,F13
2452,350,simulated,F20
2452,840,simulated,F20
2452,230,simulated,F20
2452,160,simulated,F20
2453,300,simulated,F12
2453,410,simulated,F12
2453,350,simulated,F12
2454,220,simulated,F4
2455,250,simulated,F20
2455,560,simulated,F20
2455,820,simulated,F20
2456,200,simulated,F20
2457,120,simulated,F20
2457,100,simulated,F20
2457,460,simulated,F20
2457,680,simulated,F20
2457,440,simulated,F20
2458,450,simulated,F16
2458,260,simulated,F16
2458,910,simulated,F16
2458,200,simulated,F16
2458,520,simulated,F16
2459,850,simulated,F20
2459,1020,simulated,F20
2460,290,simulated,F20
2460,980,simulated,F20
2460,850,simulated,F20
2460,130,simulated,F20
2460,700,simulated,F20
2461,180,simulated,F20
2461,870,simulated,F20
2462,670,simulated,F17
2463,100,simulated,F20
2463,300,simulated,F20
2463,890,simulated,F20
2463,780,simulated,F20
2464,550,simulated,F13
2464,210,simulated,F13
2464,320,simulated,F13
2465,460,simulated,F20
2465,530,simulated,F20
2465,850,simulated,F20
2466,1090,simulated,F20
2466,380,simulated,F20
2467,720,simulated,F17
2467,1010,simulated,F17
2467,960,simulated,F17
2468,640,simulated,F19
2468,150,simulated,F19
2469,270,simulated,F5
2469,260,simulated,F5
2470,360,simulated,F20
2470,1060,simulated,F20
2470,100,simulated,F20
2470,480,simulated,F20
2471,290,simulated,F14
2471,490,simulated,F14
2471,160,simulated,F14
2472,370,simulated,F13
2472,540,simulated,F13
2472,320,simulated,F13
2472,510,simulated,F13
2472,350,simulated,F13
2473,400,simulated,F12
2474,1050,simulated,F20
2475,1060,simulated,F20
2476,890,simulated,F19
2476,470,simulated,F19
2476,330,simulated,F19
2477,510,simulated,F20
2477,670,simulated,F20
2478,290,simulated,F20
2478,880,simulated,F20
2478,320,simulated,F20
2479,480,simulated,F15
2479,810,simulated,F15
2480,1080,simulated,F20
2480,560,simulated,F20
2480,830,simulated,F20
2480,840,simulated,F20
2480,1090,simulated,F20
2481,400,simulated,F20
2481,690,simulated,F20
2481,660,simulated,F20
2481,1060,simulated,F20
2482,710,simulated,F20
2482,1080,simulated,F20
2483,950,simulated,F20
2483,860,simulated,F20
2484,820,simulated,F20
2484,580,simulated,F20
2484,110,simulated,F20
2484,460,simulated,F20
2484,280,simulated,F20
2485,110,simulated,F3
2486,300,simulated,F20
2486,190,simulated,F20
2486,1030,simulated,F20
2486,890,simulated,F20
2486,920,simulated,F20
2487,470,simulated,F20
2487,160,simulated,F20
2488,270,simulated,F20
2488,260,simulated,F20
2488,1060,simulated,F20
2488,320,simulated,F20
2488,390,simulated,F20
2489,660,simulated,F20
2489,1010,simulated,F20
2489,470,simulated,F20
2489,330,simulated,F20
2490,500,simulated,F15
2490,810,simulated,F15
2491,570,simulated,F20
2491,190,simulated,F20
2491,850,simulated,F20
2491,630,simulated,F20
2491,950,simulated,F20
2492,610,simulated,F18
2493,950,simulated,F20
2493,870,simulated,F20
2493,800,simulated,F20
2493,170,simulated,F20
2494,320,simulated,F20
2494,630,simulated,F20
2495,130,simulated,F7
2496,380,simulated,F20
2496,510,simulated,F20
2497,340,simulated,F12
2498,820,simulated,F15
2498,610,simulated,F15
2499,340,simulated,F19
2499,520,simulated,F19
2499,580,simulated,F19
2499,290,simulated,F19
2499,780,simulated,F19
2500,560,simulated,F13
2500,370,simulated,F13
2500,120,simulated,F13
2500,680,simulated,F13
2501,170,simulated,F20
2501,1030,simulated,F20
2501,430,simulated,F20
2501,360,simulated,F20
2501,550,simulated,F20
2502,360,simulated,F20
2502,380,simulated,F20
2502,270,simulated,F20
2502,980,simulated,F20
2503,930,simulated,F20
2504,820,simulated,F20
2504,480,simulated,F20
2504,1070,simulated,F20
2504,140,simulated,F20
2505,750,simulated,F20
2505,640,simulated,F20
2506,950,simulated,F18
2506,270,simulated,F18
2506,320,simulated,F18
2507,850,simulated,F18
2507,590,simulated,F18
2507,220,simulated,F18
2508,270,simulated,F20
2508,480,simulated,F20
2508,1000,simulated,F20
2508,430,simulated,F20
2509,200,simulated,F11
2509,590,simulated,F11
2509,580,simulated,F11
2510,210,simulated,F11
2510,430,simulated,F11
2510,250,simulated,F11
2511,390,simulated,F11
2511,260,simulated,F11
2511,270,simulated,F11
2511,620,simulated,F11
2512,410,simulated,F20
2512,940,simulated,F20
2513,320,simulated,F20
2513,990,simulated,F20
2514,350,simulated,F20
2514,270,simulated,F20
2514,1080,simulated,F20
2515,560,simulated,F20
2515,940,simulated,F20
2516,190,simulated,F3
2517,350,simulated,F20
2517,970,simulated,F20
2517,240,simulated,F20
2517,780,simulated,F20
2517,420,simulated,F20
2518,490,simulated,F19
2518,730,simulated,F19
2518,650,simulated,F19
2518,980,simulated,F19
2519,840,simulated,F20
2519,630,simulated,F20
2519,390,simulated,F20
2519,1010,simulated,F20
2520,300,simulated,F19
2520,150,simulated,F19
2520,290,simulated,F19
2520,960,simulated,F19
2521,970,simulated,F20
2521,590,simulated,F20
2522,790,simulated,F20
2523,1040,simulated,F20
2523,200,simulated,F20
2523,870,simulated,F20
2523,500,simulated,F20
2523,180,simulated,F20
2524,230,simulated,F4
2525,130,simulated,F20
2525,830,simulated,F20
2526,730,simulated,F20
2526,360,simulated,F20
2526,1080,simulated,F20
2526,290,simulated,F20
2526,430,simulated,F20
2527,560,simulated,F20
2527,1040,simulated,F20
2527,410,simulated,F20
2527,850,simulated,F20
2527,530,simulated,F20
2528,1060,simulated,F20
2529,600,simulated,F20
2529,750,simulated,F20
2529,770,simulated,F20
2529,290,simulated,F20
2529,520,simulated,F20
2530,520,simulated,F20
2530,1060,simulated,F20
2530,980,simulated,F20
2531,770,simulated,F20
2531,1060,simulated,F20
2531,970,simulated,F20
2531,460,simulated,F20
2532,370,simulated,F20
2532,830,simulated,F20
2532,480,simulated,F20
2532,440,simulated,F20
2533,830,simulated,F20
2533,430,simulated,F20
2533,980,simulated,F20
2533,840,simulated,F20
2534,890,simulated,F20
2534,680,simulated,F20
2534,1020,simulated,F20
2535,140,simulated,F14
2535,540,simulated,F14
2535,130,simulated,F14
2536,960,simulated,F20
2536,170,simulated,F20
2536,730,simulated,F20
2537,580,simulated,F20
2537,1000,simulated,F20
2537,830,simulated,F20
2537,930,simulated,F20
2538,470,simulated,F8
2538,370,simulated,F8
2538,280,simulated,F8
2539,320,simulated,F20
2539,140,simulated,F20
2539,770,simulated,F20
2539,110,simulated,F20
2540,990,simulated,F20
2540,700,simulated,F20
2540,720,simulated,F20
2540,420,simulated,F20
2540,960,simulated,F20
2541,910,simulated,F20
2541,360,simulated,F20
2541,240,simulated,F20
2542,240,simulated,F20
2542,250,simulated,F20
2542,260,simulated,F20
2543,660,simulated,F13
2543,410,simulated,F13
2543,490,simulated,F13
2543,270,simulated,F13
2544,1070,simulated,F20
2544,660,simulated,F20
2545,740,simulated,F15
2545,580,simulated,F15
2546,130,simulated,F20
2546,1050,simulated,F20
2546,860,simulated,F20
2547,260,simulated,F8
2547,390,simulated,F8
2547,180,simulated,F8
2548,240,simulated,F8
2548,260,simulated,F8
2548,480,simulated,F8
2549,1010,simulated,F19
2549,120,simulated,F19
2549,240,simulated,F19
2549,920,simulated,F19
2550,1060,simulated,F20
2550,980,simulated,F20
2550,520,simulated,F20
2550,220,simulated,F20
2550,620,simulated,F20
2551,810,simulated,F20
2551,450,simulated,F20
2552,710,simulated,F20
2552,400,simulated,F20
2553,670,simulated,F20
2553,260,simulated,F20
2553,470,simulated,F20
2554,560,simulated,F20
2554,260,simulated,F20
2555,1030,simulated,F20
2555,430,simulated,F20
2555,930,simulated,F20
2556,870,simulated,F20
2556,260,simulated,F20
2557,630,simulated,F20
2557,870,simulated,F20
2557,130,simulated,F20
2558,410,simulated,F15
2558,640,simulated,F15
2558,200,simulated,F15
2558,670,simulated,F15
2558,760,simulated,F15
2559,650,simulated,F20
2559,970,simulated,F20
2559,1070,simulated,F20
2560,1070,simulated,F20
2560,1020,simulated,F20
2560,730,simulated,F20
2560,410,simulated,F20
2561,980,simulated,F20
2561,620,simulated,F20
2562,500,simulated,F15
2563,820,simulated,F14
2563,470,simulated,F14
2564,900,simulated,F20
2564,930,simulated,F20
2564,550,simulated,F20
2564,590,simulated,F20
2564,750,simulated,F20
2565,670,simulated,F19
2566,700,simulated,F20
2566,420,simulated,F20
2567,1070,simulated,F20
2568,390,simulated,F20
2568,610,simulated,F20
2568,190,simulated,F20
2568,1060,simulated,F20
2568,250,simulated,F20
2569,580,simulated,F20
2570,560,simulated,F10
2570,120,simulated,F10
2570,400,simulated,F10
2570,390,simulated,F10
2571,1010,simulated,F20
2572,800,simulated,F19
2572,430,simulated,F19
2572,240,simulated,F19
2572,970,simulated,F19
2573,990,simulated,F19
2573,160,simulated,F19
2573,630,simulated,F19
2574,800,simulated,F20
2574,190,simulated,F20
2574,1030,simulated,F20
2575,810,simulated,F18
2576,350,simulated,F13
2576,690,simulated,F13
2577,690,simulated,F20
2577,950,simulated,F20
2577,170,simulated,F20
2577,290,simulated,F20
2578,380,simulated,F20
2578,270,simulated,F20
2578,510,simulated,F20
2579,480,simulated,F15
2579,320,simulated,F15
2579,360,simulated,F15
2580,810,simulated,F16
2580,760,simulated,F16
2581,610,simulated,F11
2582,180,simulated,F11
2583,1040,simulated,F20
2583,590,simulated,F20
2583,190,simulated,F20
2583,870,simulated,F20
2584,650,simulated,F13
2584,150,simulated,F13
2585,630,simulated,F14
2585,790,simulated,F14
2585,800,simulated,F14
2586,910,simulated,F20
2586,880,simulated,F20
2586,220,simulated,F20
2586,290,simulated,F20
2586,300,simulated,F20
2587,350,simulated,F20
2587,140,simulated,F20
2587,970,simulated,F20
2588,670,simulated,F20
2588,870,simulated,F20
2589,980,simulated,F20
2589,590,simulated,F20
2590,220,simulated,F11
2590,410,simulated,F11
2590,300,simulated,F11
2591,770,simulated,F20
2591,370,simulated,F20
2592,180,simulated,F20
2592,850,simulated,F20
2592,770,simulated,F20
2592,490,simulated,F20
2592,160,simulated,F20
2593,570,simulated,F12
2594,450,simulated,F20
2594,850,simulated,F20
2594,930,simulated,F20
2595,910,simulated,F20
2596,920,simulated,F20
2596,340,simulated,F20
2596,1050,simulated,F20
2596,370,simulated,F20
2597,310,simulated,F18
2597,1020,simulated,F18
2598,280,simulated,F8
2598,410,simulated,F8
2599,270,simulated,F20
2599,850,simulated,F20
2599,790,simulated,F20
2600,380,simulated,F20
2601,700,simulated,F20
2601,930,simulated,F20
2601,280,simulated,F20
2601,740,simulated,F20
2601,360,simulated,F20
2602,910,simulated,F16
2603,590,simulated,F13
2603,170,simulated,F13
2603,130,simulated,F13
2604,380,simulated,F20
2604,480,simulated,F20
2604,910,simulated,F20
2605,240,simulated,F12
2605,510,simulated,F12
2606,420,simulated,F20
2606,1020,simulated,F20
2606,940,simulated,F20
2606,700,simulated,F20
2606,330,simulated,F20
2607,460,simulated,F20
2607,780,simulated,F20
2607,150,simulated,F20
2607,1040,simulated,F20
2608,750,simulated,F20
2608,1080,simulated,F20
2608,600,simulated,F20
2608,330,simulated,F20
2609,560,simulated,F20
2609,150,simulated,F20
2609,290,simulated,F20
2609,840,simulated,F20
2609,1080,simulated,F20
2610,280,simulated,F20
2610,1050,simulated,F20
2611,1080,simulated,F20
2611,980,simulated,F20
2611,310,simulated,F20
2611,100,simulated,F20
2611,1030,simulated,F20
2612,930,simulated,F2
2612,1090,simulated,F2
2613,180,simulated,F20
2613,450,simulated,F20
2613,370,simulated,F20
2613,1020,simulated,F20
2614,480,simulated,F8
2615,300,simulated,F13
2615,230,simulated,F13
2615,290,simulated,F13
2615,240,simulated,F13
2616,800,simulated,F20
2616,940,simulated,F20
2616,870,simulated,F20
2616,1040,simulated,F20
2617,880,simulated,F20
2617,440,simulated,F20
2617,940,simulated,F20
2617,1060,simulated,F20
2617,670,simulated,F20
2618,1080,simulated,F20
2619,260,simulated,F14
2619,710,simulated,F14
2620,610,simulated,F12
2620,560,simulated,F12
2620,530,simulated,F12
2620,570,simulated,F12
2621,100,simulated,F18
2621,860,simulated,F18
2622,200,simulated,F3
2623,910,simulated,F20
2624,730,simulated,F20
2624,720,simulated,F20
2624,510,simulated,F20
2624,340,simulated,F20
2624,830,simulated,F20
2625,320,simulated,F7
2626,1020,simulated,F20
2626,230,simulated,F20
2627,360,simulated,F20
2627,320,simulated,F20
2627,270,simulated,F20
2627,830,simulated,F20
2628,550,simulated,F20
2628,320,simulated,F20
2628,290,simulated,F20
2628,1040,simulated,F20
2628,990,simulated,F20
2629,430,simulated,F20
2630,890,simulated,F20
2630,730,simulated,F20
2630,220,simulated,F20
2630,480,simulated,F20
2631,1090,simulated,F18
2631,320,simulated,F18
2631,360,simulated,F18
2631,430,simulated,F18
2632,240,simulated,F17
2632,810,simulated,F17
2632,370,simulated,F17
2632,780,simulated,F17
2632,840,simulated,F17
2633,520,simulated,F12
2633,570,simulated,F12
2633,670,simulated,F12
2633,390,simulated,F12
2634,820,simulated,F20
2635,150,simulated,F20
2635,1020,simulated,F20
2635,390,simulated,F20
2635,670,simulated,F20
2636,860,simulated,F20
2636,1060,simulated,F20
2636,900,simulated,F20
2636,120,simulated,F20
2636,730,simulated,F20
2637,1090,simulated,F20
2637,680,simulated,F20
2638,620,simulated,F13
2639,640,simulated,F14
2639,290,simulated,F14
2639,370,simulated,F14
2640,1030,simulated,F20
2641,900,simulated,F20
2641,350,simulated,F20
2641,940,simulated,F20
2641,980,simulated,F20
2641,820,simulated,F20
2642,650,simulated,F20
2642,500,simulated,F20
2642,390,simulated,F20
2642,680,simulated,F20
2643,880,simulated,F20
2644,710,simulated,F20
2644,700,simulated,F20
2644,850,simulated,F20
2644,930,simulated,F20
2644,420,simulated,F20
2645,760,simulated,F20
2645,310,simulated,F20
2645,500,simulated,F20
2645,950,simulated,F20
2646,670,simulated,F20
2646,930,simulated,F20
2647,500,simulated,F20
2647,210,simulated,F20
2648,730,simulated,F14
2649,930,simulated,F20
2649,690,simulated,F20
2649,880,simulated,F20
2649,220,simulated,F20
2650,880,simulated,F20
2650,1050,simulated,F20
2650,530,simulated,F20
2650,190,simulated,F20
2651,1010,simulated,F20
2651,460,simulated,F20
2651,260,simulated,F20
2651,110,simulated,F20
2652,720,simulated,F19
2652,330,simulated,F19
2652,980,simulated,F19
2652,200,simulated,F19
2653,440,simulated,F20
2653,490,simulated,F20
2653,800,simulated,F20
2654,120,simulated,F20
2654,170,simulated,F20
2654,1060,simulated,F20
2654,330,simulated,F20
2655,930,simulated,F20
2656,840,simulated,F20
2656,530,simulated,F20
2657,930,simulated,F20
2657,650,simulated,F20
2657,260,simulated,F20
2658,880,simulated,F20
2658,460,simulated,F20
2659,230,simulated,F20
2659,190,simulated,F20
2659,330,simulated,F20
2659,140,simulated,F20
2659,1000,simulated,F20
2660,640,simulated,F13
2661,740,simulated,F13
2661,130,simulated,F13
2661,530,simulated,F13
2662,550,simulated,F20
2662,1050,simulated,F20
2662,960,simulated,F20
2663,830,simulated,F15
2663,400,simulated,F15
2664,1080,simulated,F20
2664,960,simulated,F20
2664,980,simulated,F20
2665,400,simulated,F20
2665,940,simulated,F20
2666,160,simulated,F6
2667,840,simulated,F20
2667,940,simulated,F20
2667,520,simulated,F20
2668,500,simulated,F20
2668,310,simulated,F20
2668,990,simulated,F20
2668,230,simulated,F20
2669,380,simulated,F20
2669,830,simulated,F20
2669,1010,simulated,F20
2669,250,simulated,F20
2670,650,simulated,F20
2670,880,simulated,F20
2670,220,simulated,F20
2670,570,simulated,F20
2671,710,simulated,F16
2671,210,simulated,F16
2671,870,simulated,F16
2672,650,simulated,F20
2672,930,simulated,F20
2672,200,simulated,F20
2672,490,simulated,F20
2673,540,simulated,F20
2673,640,simulated,F20
2674,510,simulated,F20
2674,890,simulated,F20
2674,190,simulated,F20
2674,1070,simulated,F20
2674,600,simulated,F20
2675,890,simulated,F20
2675,810,simulated,F20
2675,380,simulated,F20
2675,650,simulated,F20
2675,840,simulated,F20
2676,380,simulated,F6
2677,570,simulated,F20
2677,310,simulated,F20
2677,500,simulated,F20
2677,830,simulated,F20
2678,920,simulated,F19
2678,420,simulated,F19
2678,380,simulated,F19
2678,820,simulated,F19
2678,980,simulated,F19
2679,200,simulated,F20
2679,950,simulated,F20
2679,120,simulated,F20
2680,1010,simulated,F20
2681,180,simulated,F20
2681,930,simulated,F20
2682,310,simulated,F20
2682,650,simulated,F20
2683,820,simulated,F20
2683,990,simulated,F20
2683,1080,simulated,F20
2683,320,simulated,F20
2684,130,simulated,F1
2684,520,simulated,F1
2684,820,simulated,F1
2684,450,simulated,F1
2685,1070,simulated,F20
2685,620,simulated,F20
2685,850,simulated,F20
2686,200,simulated,F20
2686,1060,simulated,F20
2686,260,simulated,F20
2687,550,simulated,F20
2687,1090,simulated,F20
2687,980,simulated,F20
2687,650,simulated,F20
2687,870,simulated,F20
2688,750,simulated,F20
2688,740,simulated,F20
2689,680,simulated,F20
2689,430,simulated,F20
2690,870,simulated,F16
2690,800,simulated,F16
2690,480,simulated,F16
2690,660,simulated,F16
2690,100,simulated,F16
2691,1010,simulated,F20
2691,850,simulated,F20
2691,640,simulated,F20
2691,720,simulated,F20
2691,380,simulated,F20
2692,330,simulated,F20
2692,890,simulated,F20
2692,470,simulated,F20
2693,300,simulated,F13
2693,510,simulated,F13
2694,430,simulated,F7
2695,710,simulated,F20
2695,580,simulated,F20
2695,320,simulated,F20
2695,190,simulated,F20
2695,500,simulated,F20
2696,760,simulated,F20
2696,800,simulated,F20
2696,360,simulated,F20
2696,490,simulated,F20
2697,920,simulated,F20
2697,350,simulated,F20
2697,200,simulated,F20
2698,840,simulated,F20
2698,880,simulated,F20
2698,250,simulated,F20
2698,160,simulated,F20
2699,320,simulated,F20
2699,1090,simulated,F20
2700,430,simulated,F15
2700,650,simulated,F15
2701,900,simulated,F17
2702,1010,simulated,F20
2703,760,simulated,F20
2703,550,simulated,F20
2703,380,simulated,F20
2704,390,simulated,F9
2705,930,simulated,F20
2705,540,simulated,F20
2705,770,simulated,F20
2705,1060,simulated,F20
2706,890,simulated,F20
2706,570,simulated,F20
2706,800,simulated,F20
2707,330,simulated,F20
2707,610,simulated,F20
2707,1030,simulated,F20
2707,1040,simulated,F20
2707,750,simulated,F20
2708,830,simulated,F20
2708,620,simulated,F20
2708,610,simulated,F20
2708,890,simulated,F20
2708,180,simulated,F20
2709,250,simulated,F4
2709,200,simulated,F4
2710,260,simulated,F20
2710,630,simulated,F20
2710,1020,simulated,F20
2710,1030,simulated,F20
2711,900,simulated,F20
2711,500,simulated,F20
2711,820,simulated,F20
2711,1000,simulated,F20
2711,380,simulated,F20
2712,510,simulated,F20
2712,660,simulated,F20
2713,480,simulated,F20
2713,310,simulated,F20
2714,760,simulated,F18
2714,910,simulated,F18
2714,630,simulated,F18
2714,210,simulated,F18
2714,640,simulated,F18
2715,1000,simulated,F20
2715,640,simulated,F20
2715,750,simulated,F20
2715,930,simulated,F20
2715,940,simulated,F20
2716,380,simulated,F20
2716,1090,simulated,F20
2716,560,simulated,F20
2716,340,simulated,F20
2716,1070,simulated,F20
2717,660,simulated,F12
2718,180,simulated,F9
2718,410,simulated,F9
2719,700,simulated,F20
2719,370,simulated,F20
2720,900,simulated,F16
2720,280,simulated,F16
2721,520,simulated,F20
2721,370,simulated,F20
2721,1010,simulated,F20
2722,170,simulated,F9
2722,480,simulated,F9
2722,210,simulated,F9
2723,670,simulated,F15
2723,530,simulated,F15
2723,130,simulated,F15
2723,420,simulated,F15
2724,370,simulated,F20
2724,860,simulated,F20
2725,420,simulated,F11
2725,190,simulated,F11
2725,580,simulated,F11
2726,750,simulated,F18
2726,700,simulated,F18
2726,300,simulated,F18
2726,590,simulated,F18
2726,770,simulated,F18
2727,620,simulated,F15
2727,360,simulated,F15
2727,300,simulated,F15
2727,380,simulated,F15
2728,470,simulated,F8
2729,870,simulated,F20
2729,430,simulated,F20
2730,150,simulated,F11
2730,600,simulated,F11
2731,390,simulated,F11
2732,710,simulated,F15
2732,610,simulated,F15
2733,190,simulated,F17
2733,200,simulated,F17
2733,280,simulated,F17
2734,750,simulated,F14
2735,730,simulated,F20
2735,400,simulated,F20
2736,1090,simulated,F20
2736,320,simulated,F20
2736,850,simulated,F20
2736,670,simulated,F20
2737,990,simulated,F20
2737,850,simulated,F20
2738,100,simulated,F14
2738,770,simulated,F14
2739,1000,simulated,F20
2740,310,simulated,F20
2740,770,simulated,F20
2741,960,simulated,F20
2742,670,simulated,F20
2742,390,simulated,F20
2742,340,simulated,F20
2742,770,simulated,F20
2743,540,simulated,F15
2744,120,simulated,F9
2744,500,simulated,F9
2745,670,simulated,F20
2745,1010,simulated,F20
2745,600,simulated,F20
2745,590,simulated,F20
2745,530,simulated,F20
2746,710,simulated,F14
2746,520,simulated,F14
2746,570,simulated,F14
2747,830,simulated,F20
2748,120,simulated,F20
2748,360,simulated,F20
2748,550,simulated,F20
2748,1010,simulated,F20
2749,150,simulated,F3
2750,110,simulated,F20
2750,1050,simulated,F20
2750,890,simulated,F20
2750,250,simulated,F20
2751,510,simulated,F20
2752,480,simulated,F20
2752,920,simulated,F20
2752,300,simulated,F20
2753,900,simulated,F20
2753,680,simulated,F20
2753,340,simulated,F20
2754,140,simulated,F20
2754,580,simulated,F20
2754,120,simulated,F20
2754,980,simulated,F20
2754,160,simulated,F20
2755,820,simulated,F20
2756,220,simulated,F20
2756,1010,simulated,F20
2756,690,simulated,F20
2756,230,simulated,F20
2757,970,simulated,F20
2757,440,simulated,F20
2757,770,simulated,F20
2758,230,simulated,F20
2758,130,simulated,F20
2758,720,simulated,F20
2758,280,simulated,F20
2759,190,simulated,F17
2759,700,simulated,F17
2759,810,simulated,F17
2760,340,simulated,F20
2760,210,simulated,F20
2760,760,simulated,F20
2760,1070,simulated,F20
2761,220,simulated,F18
2761,800,simulated,F18
2761,130,simulated,F18
2761,580,simulated,F18
2762,970,simulated,F18
2762,1000,simulated,F18
2763,450,simulated,F19
2763,860,simulated,F19
2763,360,simulated,F19
2763,540,simulated,F19
2764,240,simulated,F20
2764,690,simulated,F20
2764,680,simulated,F20
2764,930,simulated,F20
2764,230,simulated,F20
2765,470,simulated,F16
2765,600,simulated,F16
2765,730,simulated,F16
2765,900,simulated,F16
2766,110,simulated,F20
2766,750,simulated,F20
2766,760,simulated,F20
2766,470,simulated,F20
2766,1080,simulated,F20
2767,590,simulated,F20
2767,230,simulated,F20
2767,200,simulated,F20
2767,670,simulated,F20
2768,250,simulated,F20
2768,240,simulated,F20
2768,850,simulated,F20
2769,1020,simulated,F20
2769,480,simulated,F20
2769,1000,simulated,F20
2770,460,simulated,F8
2771,1090,simulated,F20
2772,290,simulated,F20
2772,870,simulated,F20
2773,780,simulated,F20
2774,590,simulated,F20
2774,1060,simulated,F20
2774,810,simulated,F20
2775,620,simulated,F18
2775,370,simulated,F18
2775,900,simulated,F18
2776,510,simulated,F10
2776,360,simulated,F10
2776,320,simulated,F10
2777,170,simulated,F20
2777,1090,simulated,F20
2777,680,simulated,F20
2777,100,simulated,F20
2777,450,simulated,F20
2778,200,simulated,F20
2778,340,simulated,F20
2778,860,simulated,F20
2779,820,simulated,F20
2779,200,simulated,F20
2779,1080,simulated,F20
2779,560,simulated,F20
2779,990,simulated,F20
2780,440,simulated,F20
2780,530,simulated,F20
2781,380,simulated,F20
2781,480,simulated,F20
2781,980,simulated,F20
2782,1030,simulated,F19
2782,160,simulated,F19
2782,1090,simulated,F19
2783,250,simulated,F4
2784,640,simulated,F14
2784,290,simulated,F14
2785,410,simulated,F20
2785,740,simulated,F20
2785,920,simulated,F20
2785,150,simulated,F20
2786,280,simulated,F20
2786,1080,simulated,F20
2787,700,simulated,F15
2788,480,simulated,F20
2789,900,simulated,F20
2789,690,simulated,F20
2790,800,simulated,F20
2791,640,simulated,F20
2791,130,simulated,F20
2791,920,simulated,F20
2792,220,simulated,F20
2792,830,simulated,F20
2792,900,simulated,F20
2793,350,simulated,F20
2793,920,simulated,F20
2793,810,simulated,F20
2794,560,simulated,F11
2795,430,simulated,F11
2795,560,simulated,F11
2795,310,simulated,F11
2795,230,simulated,F11
2796,750,simulated,F20
2796,1010,simulated,F20
2796,810,simulated,F20
2797,850,simulated,F20
2798,380,simulated,F17
2798,360,simulated,F17
2798,660,simulated,F17
2799,180,simulated,F9
2799,230,simulated,F9
2800,1030,simulated,F20
2800,250,simulated,F20
2800,300,simulated,F20
2800,1090,simulated,F20
2801,420,simulated,F20
2801,190,simulated,F20
2801,890,simulated,F20
2801,1080,simulated,F20
2802,440,simulated,F9
2803,690,simulated,F14
2804,520,simulated,F12
2804,210,simulated,F12
2804,450,simulated,F12
2804,390,simulated,F12
2805,950,simulated,F20
2805,930,simulated,F20
2805,340,simulated,F20
2805,210,simulated,F20
2806,280,simulated,F12
2806,100,simulated,F12
2806,370,simulated,F12
2807,280,simulated,F20
2807,1050,simulated,F20
2807,850,simulated,F20
2807,230,simulated,F20
2807,540,simulated,F20
2808,330,simulated,F20
2808,720,simulated,F20
2809,130,simulated,F20
2809,480,simulated,F20
2809,1020,simulated,F20
2809,310,simulated,F20
2809,850,simulated,F20
2810,850,simulated,F20
2810,870,simulated,F20
2810,210,simulated,F20
2810,470,simulated,F20
2810,380,simulated,F20
2811,730,simulated,F20
2811,690,simulated,F20
2811,800,simulated,F20
2811,120,simulated,F20
2812,520,simulated,F10
2813,520,simulated,F14
2814,950,simulated,F20
2814,520,simulated,F20
2814,580,simulated,F20
2815,740,simulated,F20
2815,180,simulated,F20
2815,520,simulated,F20
2816,710,simulated,F20
2816,850,simulated,F20
2816,660,simulated,F20
2816,940,simulated,F20
2817,490,simulated,F8
2818,220,simulated,F5
2819,240,simulated,F20
2819,820,simulated,F20
2819,320,simulated,F20
2819,560,simulated,F20
2820,400,simulated,F20
2821,230,simulated,F20
2821,100,simulated,F20
2821,690,simulated,F20
2822,570,simulated,F13
2823,420,simulated,F20
2823,740,simulated,F20
2823,660,simulated,F20
2823,500,simulated,F20
2823,1010,simulated,F20
2824,950,simulated,F17
2824,810,simulated,F17
2824,330,simulated,F17
2825,1090,simulated,F20
2825,220,simulated,F20
2826,150,simulated,F13
2826,260,simulated,F13
2827,280,simulated,F20
2827,960,simulated,F20
2827,790,simulated,F20
2828,1020,simulated,F19
2829,890,simulated,F20
2829,620,simulated,F20
2829,380,simulated,F20
2830,210,simulated,F20
2830,230,simulated,F20
2830,660,simulated,F20
2831,690,simulated,F15
2831,500,simulated,F15
2832,440,simulated,F20
2832,470,simulated,F20
2832,140,simulated,F20
2833,210,simulated,F20
2833,560,simulated,F20
2833,1060,simulated,F20
2833,660,simulated,F20
2834,330,simulated,F20
2834,310,simulated,F20
2834,1080,simulated,F20
2834,780,simulated,F20
2835,900,simulated,F20
2835,1080,simulated,F20
2836,970,simulated,F20
2837,120,simulated,F14
2837,550,simulated,F14
2837,770,simulated,F14
2837,520,simulated,F14
2837,710,simulated,F14
2838,250,simulated,F5
2839,160,simulated,F20
2839,490,simulated,F20
2839,800,simulated,F20
2839,330,simulated,F20
2840,230,simulated,F20
2840,660,simulated,F20
2840,540,simulated,F20
2840,670,simulated,F20
2840,500,simulated,F20
2841,560,simulated,F10
2842,440,simulated,F20
2843,870,simulated,F20
2843,930,simulated,F20
2843,120,simulated,F20
2844,530,simulated,F15
2844,610,simulated,F15
2844,730,simulated,F15
2844,500,simulated,F15
2845,830,simulated,F20
2845,800,simulated,F20
2846,560,simulated,F20
2846,100,simulated,F20
2846,890,simulated,F20
2847,300,simulated,F9
2848,490,simulated,F13
2848,200,simulated,F13
2848,260,simulated,F13
2848,550,simulated,F13
2849,970,simulated,F20
2850,630,simulated,F15
2851,470,simulated,F20
2851,490,simulated,F20
2851,900,simulated,F20
2851,230,simulated,F20
2852,720,simulated,F20
2852,1080,simulated,F20
2853,1080,simulated,F18
2853,910,simulated,F18
2853,220,simulated,F18
2853,1030,simulated,F18
2854,550,simulated,F20
2854,420,simulated,F20
2855,120,simulated,F20
2855,140,simulated,F20
2855,870,simulated,F20
2855,720,simulated,F20
2856,290,simulated,F20
2856,940,simulated,F20
2856,920,simulated,F20
2857,800,simulated,F20
2857,680,simulated,F20
2857,440,simulated,F20
2857,890,simulated,F20
2858,300,simulated,F20
2858,950,simulated,F20
2858,1060,simulated,F20
2858,500,simulated,F20
2858,940,simulated,F20
2859,300,simulated,F9
2860,820,simulated,F20
2860,600,simulated,F20
2860,270,simulated,F20
2860,540,simulated,F20
2861,670,simulated,F20
2861,390,simulated,F20
2861,100,simulated,F20
2861,250,simulated,F20
2862,630,simulated,F20
2863,460,simulated,F20
2863,510,simulated,F20
2863,800,simulated,F20
2864,200,simulated,F6
2865,290,simulated,F14
2865,670,simulated,F14
2865,410,simulated,F14
2866,510,simulated,F17
2866,820,simulated,F17
2866,330,simulated,F17
2866,450,simulated,F17
2867,900,simulated,F20
2867,200,simulated,F20
2867,760,simulated,F20
2867,450,simulated,F20
2868,100,simulated,F20
2868,890,simulated,F20
2868,670,simulated,F20
2868,1090,simulated,F20
2869,370,simulated,F7
2869,420,simulated,F7
2870,900,simulated,F17
2870,870,simulated,F17
2870,290,simulated,F17
2871,770,simulated,F20
2872,1080,simulated,F20
2872,350,simulated,F20
2872,960,simulated,F20
2873,700,simulated,F20
2874,120,simulated,F11
2874,450,simulated,F11
2875,490,simulated,F16
2875,590,simulated,F16
2875,660,simulated,F16
2876,880,simulated,F20
2876,990,simulated,F20
2876,910,simulated,F20
2876,430,simulated,F20
2877,1080,simulated,F20
2878,750,simulated,F20
2879,820,simulated,F20
2880,220,simulated,F6
2881,480,simulated,F20
2881,610,simulated,F20
2881,320,simulated,F20
2881,640,simulated,F20
2881,140,simulated,F20
2882,260,simulated,F20
2882,160,simulated,F20
2882,980,simulated,F20
2882,370,simulated,F20
2883,690,simulated,F14
2884,190,simulated,F18
2884,1010,simulated,F18
2884,600,simulated,F18
2884,490,simulated,F18
2885,350,simulated,F19
2885,280,simulated,F19
2886,380,simulated,F16
2886,390,simulated,F16
2886,700,simulated,F16
2886,850,simulated,F16
2887,940,simulated,F20
2887,650,simulated,F20
2887,270,simulated,F20
2887,1020,simulated,F20
2888,940,simulated,F17
2888,730,simulated,F17
2888,120,simulated,F17
2888,690,simulated,F17
2889,870,simulated,F20
2889,390,simulated,F20
2890,790,simulated,F16
2890,430,simulated,F16
2891,1090,simulated,F20
2891,340,simulated,F20
2891,460,simulated,F20
2892,640,simulated,F20
2892,890,simulated,F20
2893,630,simulated,F15
2894,850,simulated,F20
2894,340,simulated,F20
2894,1060,simulated,F20
2895,1010,simulated,F20
2895,190,simulated,F20
2895,710,simulated,F20
2896,690,simulated,F20
2896,470,simulated,F20
2896,170,simulated,F20
2896,640,simulated,F20
2896,560,simulated,F20
2897,670,simulated,F20
2898,240,simulated,F20
2898,970,simulated,F20
2899,100,simulated,F14
2899,270,simulated,F14
2899,750,simulated,F14
2899,570,simulated,F14
2899,520,simulated,F14
2900,430,simulated,F20
2900,1070,simulated,F20
2901,210,simulated,F20
2901,610,simulated,F20
2902,610,simulated,F20
2902,970,simulated,F20
2902,640,simulated,F20
2902,890,simulated,F20
2903,500,simulated,F20
2903,740,simulated,F20
2904,430,simulated,F20
2904,1040,simulated,F20
2905,550,simulated,F20
2905,700,simulated,F20
2905,770,simulated,F20
2905,820,simulated,F20
2905,120,simulated,F20
2906,800,simulated,F20
2906,780,simulated,F20
2906,960,simulated,F20
2906,770,simulated,F20
2907,540,simulated,F20
2907,890,simulated,F20
2907,350,simulated,F20
2907,760,simulated,F20
2907,390,simulated,F20
2908,610,simulated,F16
2908,560,simulated,F16
2908,830,simulated,F16
2909,790,simulated,F15
2910,840,simulated,F20
2910,830,simulated,F20
2910,410,simulated,F20
2911,960,simulated,F20
2912,600,simulated,F20
2912,800,simulated,F20
2912,620,simulated,F20
2912,750,simulated,F20
2912,640,simulated,F20
2913,300,simulated,F20
2913,840,simulated,F20
2913,220,simulated,F20
2913,680,simulated,F20
2914,260,simulated,F16
2914,170,simulated,F16
2914,640,simulated,F16
2914,770,simulated,F16
2914,630,simulated,F16
2915,700,simulated,F20
2915,380,simulated,F20
2915,150,simulated,F20
2915,680,simulated,F20
2916,810,simulated,F19
2916,1020,simulated,F19
2916,450,simulated,F19
2916,1030,simulated,F19
2916,100,simulated,F19
2917,130,simulated,F20
2917,790,simulated,F20
2917,860,simulated,F20
2917,300,simulated,F20
2918,320,simulated,F20
2918,120,simulated,F20
2918,1070,simulated,F20
2918,610,simulated,F20
2919,480,simulated,F20
2919,350,simulated,F20
2920,450,simulated,F18
2920,960,simulated,F18
2920,510,simulated,F18
2921,530,simulated,F20
2921,840,simulated,F20
2921,510,simulated,F20
2921,110,simulated,F20
2922,1040,simulated,F20
2922,110,simulated,F20
2923,580,simulated,F20
2923,850,simulated,F20
2923,830,simulated,F20
2923,650,simulated,F20
2924,250,simulated,F9
2924,350,simulated,F9
2925,940,simulated,F19
2926,450,simulated,F10
2926,510,simulated,F10
2927,130,simulated,F20
2927,1010,simulated,F20
2927,770,simulated,F20
2927,780,simulated,F20
2927,910,simulated,F20
2928,520,simulated,F14
2928,360,simulated,F14
2928,200,simulated,F14
2928,140,simulated,F14
2929,680,simulated,F20
2930,320,simulated,F20
2930,280,simulated,F20
2930,480,simulated,F20
2930,1070,simulated,F20
2930,780,simulated,F20
2931,560,simulated,F20
2932,1070,simulated,F20
2932,740,simulated,F20
2932,840,simulated,F20
2932,210,simulated,F20
2933,1040,simulated,F20
2933,570,simulated,F20
2933,970,simulated,F20
2933,500,simulated,F20
2934,610,simulated,F20
2934,920,simulated,F20
2935,180,simulated,F5
2936,790,simulated,F20
2937,530,simulated,F20
2937,660,simulated,F20
2937,740,simulated,F20
2937,900,simulated,F20
2937,970,simulated,F20
2938,600,simulated,F20
2938,870,simulated,F20
2938,440,simulated,F20
2939,150,simulated,F20
2939,500,simulated,F20
2939,800,simulated,F20
2940,590,simulated,F14
2940,400,simulated,F14
2940,600,simulated,F14
2940,820,simulated,F14
2941,680,simulated,F20
2941,300,simulated,F20
2941,200,simulated,F20
2942,550,simulated,F19
2942,850,simulated,F19
2943,760,simulated,F20
2943,450,simulated,F20
2943,250,simulated,F20
2944,120,simulated,F20
2944,350,simulated,F20
2944,430,simulated,F20
2944,930,simulated,F20
2945,250,simulated,F20
2945,920,simulated,F20
2945,710,simulated,F20
2945,750,simulated,F20
2945,520,simulated,F20
2946,990,simulated,F20
2946,160,simulated,F20
2946,1030,simulated,F20
2946,420,simulated,F20
2947,870,simulated,F20
2948,1060,simulated,F20
2949,440,simulated,F20
2949,920,simulated,F20
2949,380,simulated,F20
2949,680,simulated,F20
2949,240,simulated,F20
2950,550,simulated,F14
2951,750,simulated,F17
2951,110,simulated,F17
2951,460,simulated,F17
2951,540,simulated,F17
2951,890,simulated,F17
2952,930,simulated,F20
2953,980,simulated,F20
2953,280,simulated,F20
2953,230,simulated,F20
2953,500,simulated,F20
2954,750,simulated,F20
2954,520,simulated,F20
2954,780,simulated,F20
2955,840,simulated,F16
2955,170,simulated,F16
2955,480,simulated,F16
2955,880,simulated,F16
2955,240,simulated,F16
2956,440,simulated,F15
2956,220,simulated,F15
2956,620,simulated,F15
2957,670,simulated,F12
2958,960,simulated,F20
2958,580,simulated,F20
2958,480,simulated,F20
2958,420,simulated,F20
2959,170,simulated,F20
2959,110,simulated,F20
2959,1020,simulated,F20
2959,950,simulated,F20
2959,100,simulated,F20
2960,120,simulated,F20
2960,350,simulated,F20
2960,1010,simulated,F20
2961,840,simulated,F20
2961,200,simulated,F20
2962,380,simulated,F13
2962,370,simulated,F13
2963,720,simulated,F20
2964,380,simulated,F13
2964,140,simulated,F13
2964,600,simulated,F13
2965,550,simulated,F20
2966,480,simulated,F20
2966,1000,simulated,F20
2966,170,simulated,F20
2966,180,simulated,F20
2967,310,simulated,F6
2968,640,simulated,F20
2968,400,simulated,F20
2968,490,simulated,F20
2969,1030,simulated,F20
2969,900,simulated,F20
2969,1040,simulated,F20
2969,580,simulated,F20
2970,1000,simulated,F20
2970,430,simulated,F20
2970,100,simulated,F20
2971,340,simulated,F12
2971,310,simulated,F12
2971,670,simulated,F12
2971,120,simulated,F12
2972,440,simulated,F8
2973,100,simulated,F20
2973,580,simulated,F20
2973,990,simulated,F20
2973,450,simulated,F20
2974,720,simulated,F20
2974,500,simulated,F20
2974,1080,simulated,F20
2974,670,simulated,F20
2974,1070,simulated,F20
2975,1060,simulated,F20
2975,660,simulated,F20
2975,890,simulated,F20
2976,150,simulated,F9
2977,300,simulated,F19
2977,570,simulated,F19
2977,840,simulated,F19
2977,610,simulated,F19
2977,1060,simulated,F19
2978,760,simulated,F20
2978,320,simulated,F20
2978,450,simulated,F20
2979,970,simulated,F20
2979,1030,simulated,F20
2979,1040,simulated,F20
2979,140,simulated,F20
2980,630,simulated,F14
2980,500,simulated,F14
2980,570,simulated,F14
2980,280,simulated,F14
2981,980,simulated,F20
2981,670,simulated,F20
2981,260,simulated,F20
2982,170,simulated,F20
2982,1070,simulated,F20
2982,420,simulated,F20
2982,920,simulated,F20
2982,600,simulated,F20
2983,860,simulated,F20
2983,130,simulated,F20
2983,480,simulated,F20
2984,750,simulated,F20
2984,150,simulated,F20
2984,380,simulated,F20
2984,810,simulated,F20
2985,570,simulated,F18
2985,1060,simulated,F18
2985,340,simulated,F18
2985,110,simulated,F18
2985,690,simulated,F18
2986,990,simulated,F20
2986,290,simulated,F20
2986,900,simulated,F20
2986,650,simulated,F20
2987,810,simulated,F20
2987,500,simulated,F20
2988,240,simulated,F9
2988,500,simulated,F9
2988,330,simulated,F9
2988,160,simulated,F9
2988,480,simulated,F9
2989,990,simulated,F20
2990,710,simulated,F20
2990,880,simulated,F20
2990,760,simulated,F20
2991,940,simulated,F20
2992,940,simulated,F20
2992,640,simulated,F20
2992,290,simulated,F20
2992,400,simulated,F20
2992,270,simulated,F20
2993,590,simulated,F20
2993,100,simulated,F20
2993,290,simulated,F20
2993,750,simulated,F20
2994,960,simulated,F20
2995,330,simulated,F20
2996,420,simulated,F7
2997,1080,simulated,F20
2997,920,simulated,F20
2997,470,simulated,F20
2997,650,simulated,F20
2998,1030,simulated,F18
2999,320,simulated,F20
2999,820,simulated,F20
2999,350,simulated,F20
3000,870,simulated,F16
3000,910,simulated,F16
3000,200,simulated,F16
3000,330,simulated,F16
3000,160,simulated,F16
3001,220,simulated,F20
3001,630,simulated,F20
3001,1000,simulated,F20
3001,380,simulated,F20
3002,810,simulated,F20
3002,300,simulated,F20
3002,710,simulated,F20
3002,160,simulated,F20
3003,900,simulated,F20
3004,780,simulated,F20
3004,450,simulated,F20
3004,410,simulated,F20
3005,430,simulated,F13
3005,530,simulated,F13
3005,740,simulated,F13
3006,140,simulated,F4
3007,530,simulated,F20
3007,240,simulated,F20
3007,490,simulated,F20
3007,1080,simulated,F20
3008,170,simulated,F13
3008,700,simulated,F13
3009,580,simulated,F20
3009,330,simulated,F20
3009,190,simulated,F20
3009,920,simulated,F20
3010,1050,simulated,F20
3010,250,simulated,F20
3010,580,simulated,F20
3010,160,simulated,F20
3011,880,simulated,F20
3012,800,simulated,F20
3013,860,simulated,F20
3013,190,simulated,F20
3014,170,simulated,F20
3014,910,simulated,F20
3014,1030,simulated,F20
3014,490,simulated,F20
3015,220,simulated,F14
3015,710,simulated,F14
3015,300,simulated,F14
3016,680,simulated,F18
3016,1090,simulated,F18
3016,450,simulated,F18
3016,160,simulated,F18
3017,350,simulated,F6
3018,350,simulated,F20
3018,1080,simulated,F20
3019,1090,simulated,F20
3019,670,simulated,F20
3019,320,simulated,F20
3020,390,simulated,F10
3021,420,simulated,F7
3021,350,simulated,F7
3022,740,simulated,F20
3022,370,simulated,F20
3022,1050,simulated,F20
3022,1080,simulated,F20
3022,750,simulated,F20
3023,1010,simulated,F20
3024,540,simulated,F12
3025,920,simulated,F18
3025,970,simulated,F18
3025,750,simulated,F18
3025,410,simulated,F18
3025,1080,simulated,F18
3026,110,simulated,F11
3027,860,simulated,F20
3027,1030,simulated,F20
3027,470,simulated,F20
3027,1000,simulated,F20
3028,920,simulated,F20
3028,230,simulated,F20
3029,900,simulated,F20
3029,350,simulated,F20
3029,170,simulated,F20
3029,1010,simulated,F20
3029,140,simulated,F20
3030,690,simulated,F20
3030,490,simulated,F20
3030,890,simulated,F20
3030,820,simulated,F20
3031,270,simulated,F5
3032,160,simulated,F14
3032,780,simulated,F14
3032,500,simulated,F14
3033,990,simulated,F20
3033,610,simulated,F20
3033,1080,simulated,F20
3033,180,simulated,F20
3033,370,simulated,F20
3034,210,simulated,F13
3034,220,simulated,F13
3035,390,simulated,F19
3035,1030,simulated,F19
3035,1060,simulated,F19
3035,740,simulated,F19
3035,360,simulated,F19
3036,310,simulated,F20
3036,550,simulated,F20
3036,110,simulated,F20
3036,510,simulated,F20
3036,420,simulated,F20
3037,330,simulated,F6
3038,300,simulated,F5
3039,590,simulated,F16
3039,480,simulated,F16
3039,900,simulated,F16
3039,300,simulated,F16
3039,120,simulated,F16
3040,880,simulated,F20
3040,610,simulated,F20
3040,800,simulated,F20
3040,140,simulated,F20
3041,570,simulated,F12
3041,410,simulated,F12
3041,660,simulated,F12
3042,740,simulated,F18
3042,790,simulated,F18
3042,440,simulated,F18
3043,520,simulated,F20
3043,320,simulated,F20
3044,180,simulated,F5
3045,930,simulated,F20
3045,280,simulated,F20
3045,340,simulated,F20
3045,960,simulated,F20
3046,190,simulated,F20
3046,800,simulated,F20
3046,840,simulated,F20
3046,910,simulated,F20
3046,1090,simulated,F20
3047,1070,simulated,F20
3047,800,simulated,F20
3047,890,simulated,F20
3047,450,simulated,F20
3048,190,simulated,F19
3048,180,simulated,F19
3049,830,simulated,F20
3049,1010,simulated,F20
3049,700,simulated,F20
3049,650,simulated,F20
3049,570,simulated,F20
3050,290,simulated,F17
3050,160,simulated,F17
3050,260,simulated,F17
3050,970,simulated,F17
3051,1070,simulated,F20
3051,930,simulated,F20
3051,530,simulated,F20
3051,680,simulated,F20
3051,390,simulated,F20
3052,240,simulated,F20
3052,830,simulated,F20
3053,250,simulated,F9
3053,240,simulated,F9
3053,430,simulated,F9
3054,630,simulated,F20
3054,180,simulated,F20
3054,660,simulated,F20
3054,680,simulated,F20
3054,480,simulated,F20
3055,920,simulated,F20
3055,350,simulated,F20
3055,960,simulated,F20
3055,1030,simulated,F20
3055,430,simulated,F20
3056,110,simulated,F20
3056,220,simulated,F20
3056,920,simulated,F20
3056,630,simulated,F20
3057,870,simulated,F19
3057,1080,simulated,F19
3057,310,simulated,F19
3057,1010,simulated,F19
3057,270,simulated,F19
3058,1040,simulated,F20
3058,930,simulated,F20
3058,600,simulated,F20
3058,1070,simulated,F20
3059,1060,simulated,F20
3059,300,simulated,F20
3059,530,simulated,F20
3059,490,simulated,F20
3059,990,simulated,F20
3060,610,simulated,F11
3060,450,simulated,F11
3060,120,simulated,F11
3060,170,simulated,F11
3061,210,simulated,F18
3061,550,simulated,F18
3061,1040,simulated,F18
3061,750,simulated,F18
3062,980,simulated,F20
3062,530,simulated,F20
3062,910,simulated,F20
3062,260,simulated,F20
3062,140,simulated,F20
3063,1090,simulated,F20
3063,200,simulated,F20
3063,1010,simulated,F20
3063,950,simulated,F20
3064,320,simulated,F20
3064,360,simulated,F20
3064,540,simulated,F20
3064,980,simulated,F20
3065,730,simulated,F20
3065,190,simulated,F20
3065,670,simulated,F20
3065,1060,simulated,F20
3066,400,simulated,F20
3066,810,simulated,F20
3066,950,simulated,F20
3067,190,simulated,F5
3068,480,simulated,F14
3069,970,simulated,F20
3069,570,simulated,F20
3069,960,simulated,F20
3069,650,simulated,F20
3069,620,simulated,F20
3070,710,simulated,F20
3070,180,simulated,F20
3070,510,simulated,F20
3070,850,simulated,F20
